time (s)	energy (uJ)	charge (mC)	voltage (mV)	crossing#mod 255
7416.694666	0.707228	0.009114	0.077598	115
7417.757892	2.276292	0.009101	0.250123	116
7418.770816	0.909810	0.009099	0.099985	117
7419.836543	2.115956	0.009108	0.232316	118
7420.848691	0.808049	0.009098	0.088820	119
7421.909799	2.323866	0.009096	0.255471	120
7422.919918	0.917021	0.009076	0.101040	121
7423.988165	2.115242	0.009102	0.232405	122
7425.001888	0.789137	0.009119	0.086539	123
7426.062360	2.320201	0.009100	0.254981	124
7427.080522	0.697244	0.009099	0.076628	125
7428.135807	2.142880	0.009116	0.235066	126
7429.163445	0.903236	0.009091	0.099352	127
7430.207902	2.087541	0.009115	0.229028	128
7431.245174	1.156650	0.009104	0.127042	129
7432.281519	1.410721	0.009097	0.155082	130
7433.322429	1.357268	0.009115	0.148906	131
7434.355812	1.365031	0.009103	0.149958	132
7435.404632	1.771071	0.009120	0.194190	133
7436.430462	1.088048	0.009106	0.119484	134
7437.478747	1.907292	0.009107	0.209424	135
7438.506566	1.317142	0.009108	0.144617	136
7439.554842	1.843713	0.009118	0.202199	137
7440.596183	1.373098	0.009082	0.151195	138
7441.626633	1.879591	0.009099	0.206570	139
7442.673368	1.640567	0.009098	0.180317	140
7443.699318	1.459564	0.009089	0.160592	141
7444.754596	1.921828	0.009090	0.211419	142
7445.766217	1.532504	0.009073	0.168902	143
7446.839325	2.030688	0.009114	0.222820	144
7447.841454	25.056103	0.009077	2.760340	145
7448.918208	2.399816	0.009120	0.263133	146
7449.915969	1.012931	0.009105	0.111245	147
7450.997826	2.283275	0.009093	0.251103	148
7451.990909	0.823428	0.009096	0.090522	149
7453.074938	2.604795	0.009088	0.286631	150
7454.066002	0.886985	0.009093	0.097546	151
7455.150949	2.486751	0.009113	0.272875	152
7456.143053	0.464409	0.009093	0.051074	153
7457.228826	2.733180	0.009104	0.300231	154
7458.222140	0.895823	0.009075	0.098717	155
7459.305246	2.395687	0.009093	0.263477	156
7460.299165	0.923954	0.009096	0.101577	157
7461.380867	2.092684	0.009083	0.230405	158
7462.376951	1.336471	0.009091	0.147007	159
7463.454083	2.286959	0.009077	0.251959	160
7464.459126	1.273635	0.009092	0.140079	161
7465.528576	2.194279	0.009090	0.241388	162
7466.541096	1.584898	0.009091	0.174334	163
7467.599252	1.879129	0.009091	0.206710	164
7468.624026	1.940362	0.009111	0.212968	165
7469.668231	1.862874	0.009121	0.204250	166
7470.705748	2.226736	0.009091	0.244929	167
7471.740377	1.565217	0.009094	0.172116	168
7472.788143	2.241632	0.009103	0.246242	169
7473.814660	1.576503	0.009103	0.173187	170
7474.862197	2.296255	0.009091	0.252594	171
7475.890395	1.674432	0.009087	0.184261	172
7476.940898	2.103305	0.009101	0.231096	173
7477.969186	1.841362	0.009105	0.202227	174
7479.016514	1.841929	0.009108	0.202221	175
7480.048654	2.129944	0.009088	0.234370	176
7481.089572	1.927087	0.009118	0.211352	177
7482.129338	2.337389	0.009090	0.257145	178
7483.164168	1.698908	0.009103	0.186634	179
7484.207949	2.479598	0.009092	0.272725	180
7485.238064	1.827385	0.009118	0.200417	181
7486.286292	2.439754	0.009059	0.269326	182
7487.317769	1.589371	0.009096	0.174735	183
7488.362455	2.727720	0.009113	0.299319	184
7489.392119	1.723709	0.009093	0.189564	185
7490.440186	2.694165	0.009094	0.296261	186
7491.470023	1.757573	0.009102	0.193104	187
7492.514475	2.612588	0.009100	0.287105	188
7493.551945	1.839225	0.009105	0.202008	189
7494.592491	2.259398	0.009107	0.248103	190
7495.628817	1.976004	0.009091	0.217368	191
7496.665641	2.304343	0.009100	0.253212	192
7497.707129	2.116154	0.009089	0.232822	193
7498.736999	2.075270	0.009100	0.228056	194
7499.786629	2.183588	0.009090	0.240209	195
7500.812436	1.868525	0.009068	0.206067	196
7501.864503	2.402642	0.009090	0.264313	197
7502.888936	1.892720	0.009106	0.207856	198
7503.939026	2.654196	0.009103	0.291585	199
7504.968685	1.938071	0.009092	0.213171	200
7506.015737	2.488641	0.009088	0.273852	201
7507.050831	2.176531	0.009092	0.239384	202
7508.086983	2.385078	0.009094	0.262283	203
7509.133107	2.325154	0.009092	0.255736	204
7510.156609	2.342788	0.009091	0.257691	205
7511.216333	2.601862	0.009091	0.286188	206
7512.226672	2.373587	0.009113	0.260456	207
7513.296462	2.798052	0.009104	0.307327	208
7514.301814	1.974430	0.009094	0.217115	209
7515.377970	3.083590	0.009086	0.339384	210
7516.376095	1.695916	0.009116	0.186037	211
7517.455441	3.150194	0.009107	0.345902	212
7518.451912	1.582124	0.009089	0.174066	213
7519.529422	3.289551	0.009132	0.360213	214
7520.527301	1.606391	0.009106	0.176418	215
7521.610854	3.339090	0.009069	0.368179	216
7522.604781	1.535046	0.009110	0.168498	217
7523.687539	3.254046	0.009097	0.357721	218
7524.681559	1.776467	0.009088	0.195477	219
7525.762868	3.156371	0.009121	0.346071	220
7526.762108	1.762892	0.009092	0.193885	221
7527.838908	3.244406	0.009095	0.356719	222
7528.840084	1.986807	0.009089	0.218601	223
7529.910567	3.036034	0.009113	0.333155	224
7530.918190	2.318133	0.009080	0.255295	225
7531.983904	2.452400	0.009072	0.270317	226
7533.003340	2.516643	0.009086	0.276973	227
7534.056857	2.600823	0.009089	0.286152	228
7535.086336	22.884535	0.009087	2.518446	229
7536.127435	2.624013	0.009095	0.288512	230
7537.165610	2.960446	0.009094	0.325532	231
7538.200493	2.419287	0.009093	0.266070	232
7539.245692	2.677388	0.009097	0.294316	233
7540.273529	2.338192	0.009086	0.257342	234
7541.323842	2.914508	0.009120	0.319567	235
7542.351206	2.383062	0.009090	0.262166	236
7543.400547	2.936958	0.009088	0.323168	237
7544.429251	2.469109	0.009090	0.271642	238
7545.476527	2.747286	0.009107	0.301684	239
7546.505803	2.653752	0.009094	0.291813	240
7547.551960	2.794568	0.009070	0.308123	241
7548.584304	2.707531	0.009088	0.297936	242
7549.628074	2.630505	0.009105	0.288898	243
7550.664076	2.985737	0.009089	0.328496	244
7551.702829	2.556985	0.009108	0.280740	245
7552.744530	3.017277	0.009090	0.331939	246
7553.779255	2.414634	0.009086	0.265746	247
7554.817637	3.222259	0.009142	0.352474	248
7555.859195	2.626646	0.009096	0.288767	249
7556.895707	3.091305	0.009094	0.339944	250
7557.936116	2.520210	0.009091	0.277210	251
7558.969050	3.144471	0.009090	0.345928	252
7560.012864	2.874884	0.009113	0.315468	253
7561.044737	2.867027	0.009072	0.316024	254
7562.092832	2.924570	0.009099	0.321408	255
7563.119091	2.896029	0.009091	0.318550	0
7564.170136	2.966949	0.009103	0.325933	1
7565.197515	2.621182	0.009103	0.287938	2
7566.246214	2.725608	0.009106	0.299319	3
7567.273427	2.646331	0.009090	0.291139	4
7568.323690	3.282823	0.009087	0.361247	5
7569.354383	2.560314	0.009073	0.282200	6
7570.397754	3.297114	0.009092	0.362623	7
7571.430498	2.873791	0.009089	0.316181	8
7572.471685	3.268388	0.009101	0.359112	9
7573.514153	2.973783	0.009089	0.327196	10
7574.542459	3.241430	0.009090	0.356579	11
7575.594756	3.140141	0.009091	0.345399	12
7576.614976	3.073412	0.009105	0.337543	13
7577.676742	3.455970	0.009114	0.379190	14
7578.686807	2.857911	0.009089	0.314438	15
7579.756625	3.597289	0.009077	0.396294	16
7580.760867	2.716866	0.009088	0.298954	17
7581.836615	3.737917	0.009087	0.411349	18
7582.835712	2.667328	0.009106	0.292928	19
7583.913623	3.944524	0.009098	0.433554	20
7584.912612	2.565536	0.009088	0.282290	21
7585.990922	3.864982	0.009092	0.425109	22
7586.990160	2.552364	0.009087	0.280896	23
7588.070237	3.869262	0.009090	0.425650	24
7589.066371	2.726095	0.009068	0.300623	25
7590.144737	3.651610	0.009097	0.401409	26
7591.144973	2.773931	0.009103	0.304727	27
7592.219196	3.825097	0.009087	0.420955	28
7593.223921	2.916324	0.009075	0.321346	29
7594.291555	3.837299	0.009092	0.422036	30
7595.305537	3.148584	0.009096	0.346156	31
7596.366356	3.617090	0.009088	0.398001	32
7597.386204	137.618149	0.009095	15.131715	33
7598.440792	3.419567	0.009092	0.376105	34
7599.469631	3.450510	0.009091	0.379568	35
7600.510449	3.292377	0.009092	0.362125	36
7601.552062	6.185449	0.009088	0.680605	37
7602.583982	3.316335	0.009091	0.364798	38
7603.627661	3.798143	0.009091	0.417769	39
7604.657296	3.265637	0.009100	0.358866	40
7605.707614	3.677139	0.009114	0.403480	41
7606.732829	3.336259	0.009073	0.367699	42
7607.785286	3.597791	0.009094	0.395617	43
7608.809532	3.430787	0.009111	0.376549	44
7609.862958	3.571128	0.009097	0.392556	45
7610.886400	3.495470	0.009121	0.383226	46
7611.939620	3.433457	0.009088	0.377810	47
7612.965749	3.531754	0.009085	0.388733	48
7614.015648	3.421733	0.009099	0.376067	49
7615.042236	3.751216	0.009093	0.412538	50
7616.089745	3.460576	0.009070	0.381549	51
7617.120131	3.736800	0.009089	0.411139	52
7618.166604	3.349211	0.009112	0.367553	53
7619.198097	3.764298	0.009081	0.414526	54
7620.242730	3.578742	0.009117	0.392537	55
7621.275989	3.703787	0.009095	0.407244	56
7622.320661	3.619622	0.009092	0.398130	57
7623.351985	3.606008	0.009090	0.396705	58
7624.400585	3.615726	0.009077	0.398328	59
7625.425680	3.610853	0.009115	0.396138	60
7626.477555	3.723123	0.009083	0.409896	61
7627.501791	3.612136	0.009098	0.397037	62
7628.554118	3.938243	0.009106	0.432507	63
7629.579471	3.516069	0.009069	0.387688	64
7630.632459	3.955653	0.009098	0.434760	65
7631.655542	3.606888	0.009082	0.397143	66
7632.705854	4.105479	0.009111	0.450604	67
7633.735690	3.609237	0.009084	0.397304	68
7634.781260	4.088060	0.009098	0.449359	69
7635.816333	3.831789	0.009102	0.420973	70
7636.854079	3.898569	0.009088	0.429000	71
7637.898561	3.791963	0.009116	0.415947	72
7638.925928	3.968600	0.009088	0.436696	73
7639.978612	4.073102	0.009048	0.450151	74
7640.999051	3.845594	0.009103	0.422472	75
7642.061817	4.137879	0.009088	0.455336	76
7643.072811	3.695047	0.009088	0.406574	77
7644.140038	4.381017	0.009112	0.480817	78
7645.146109	3.569341	0.009107	0.391922	79
7646.219780	4.405500	0.009077	0.485359	80
7647.222250	3.459040	0.009109	0.379728	81
7648.297522	4.510074	0.009088	0.496251	82
7649.298629	3.308131	0.009094	0.363759	83
7650.376257	4.597892	0.009101	0.505222	84
7651.376696	3.485671	0.009079	0.383924	85
7652.451131	4.358222	0.009091	0.479399	86
7653.453628	3.552004	0.009114	0.389747	87
7654.529546	4.428156	0.009106	0.486264	88
7655.533467	3.693192	0.009090	0.406276	89
7656.600561	4.484902	0.009105	0.492584	90
7657.613959	3.696990	0.009094	0.406544	91
7658.676041	4.360879	0.009089	0.479780	92
7659.692040	3.995528	0.009076	0.440224	93
7660.750527	3.903036	0.009084	0.429664	94
7661.773525	4.105136	0.009067	0.452776	95
7662.823162	4.049512	0.009097	0.445143	96
7663.853919	4.368837	0.009115	0.479289	97
7664.895291	4.021746	0.009088	0.442530	98
7665.937107	4.380189	0.009062	0.483336	99
7666.967835	4.050913	0.009077	0.446260	100
7668.014025	4.525276	0.009108	0.496867	101
7669.042111	3.910415	0.009101	0.429690	102
7670.094001	4.376290	0.009075	0.482227	103
7671.117302	4.185855	0.009110	0.459454	104
7672.170913	4.431473	0.009090	0.487493	105
7673.195296	4.099827	0.009088	0.451110	106
7674.247798	4.357963	0.009129	0.477352	107
7675.271784	4.179496	0.009097	0.459435	108
7676.324580	4.345481	0.009102	0.477399	109
7677.348349	4.322560	0.009092	0.475443	110
7678.399748	4.392374	0.009082	0.483642	111
7679.426021	4.337387	0.009107	0.476248	112
7680.477886	4.238710	0.009089	0.466355	113
7681.505528	4.288303	0.009099	0.471317	114
7682.556670	4.091645	0.009057	0.451777	115
7683.580793	4.393076	0.009132	0.481065	116
7684.634045	4.145397	0.009091	0.456013	117
7685.657423	4.418860	0.009113	0.484885	118
7686.709293	4.348842	0.009119	0.476923	119
7687.733958	4.272432	0.009100	0.469492	120
7688.788650	4.371073	0.009087	0.481000	121
7689.810858	4.321239	0.009089	0.475411	122
7690.863767	4.550344	0.009089	0.500654	123
7691.892306	3.897028	0.009068	0.429777	124
7692.940161	4.604644	0.009123	0.504745	125
7693.967063	4.230898	0.009085	0.465697	126
7695.015418	4.718245	0.009089	0.519127	127
7696.045616	4.299397	0.009094	0.472778	128
7697.090048	4.785419	0.009109	0.525379	129
7698.124641	4.403251	0.009115	0.483098	130
7699.165981	4.607982	0.009097	0.506519	131
7700.207848	4.400344	0.009090	0.484099	132
7701.238756	4.575818	0.009085	0.503653	133
7702.286855	4.673437	0.009085	0.514436	134
7703.310494	4.539626	0.009092	0.499310	135
7704.367818	4.748397	0.009086	0.522625	136
7705.385784	4.481034	0.009097	0.492597	137
7706.447358	4.976965	0.009102	0.546809	138
7707.460721	4.182931	0.009085	0.460423	139
7708.527196	5.015351	0.009068	0.553075	140
7709.534965	4.183272	0.009082	0.460625	141
7710.606970	5.116603	0.009116	0.561255	142
7711.611082	4.142694	0.009070	0.456731	143
7712.686996	4.924779	0.009080	0.542353	144
7713.687392	4.214096	0.009085	0.463859	145
7714.760443	5.193027	0.009090	0.571283	146
7715.764453	4.231483	0.009087	0.465651	147
7716.837975	5.096914	0.009086	0.560949	148
7717.843279	4.256875	0.009103	0.467615	149
7718.912630	5.076509	0.009104	0.557616	150
7719.922835	4.409323	0.009086	0.485271	151
7720.987025	4.908237	0.009098	0.539465	152
7722.001396	4.642590	0.009104	0.509940	153
7723.060874	4.928780	0.009102	0.541516	154
7724.082746	4.754998	0.009084	0.523443	155
7725.132413	4.863503	0.009081	0.535552	156
7726.163878	4.757232	0.009086	0.523569	157
7727.207678	4.610843	0.009096	0.506888	158
