crossing time (s)	slope (V/s)	crossing number
281474976710655.000000	6.476032	6515	7416690688.000000
281474976710655.000000	6.612449	6516	7417751552.000000
281474976710655.000000	6.723606	6517	7418766336.000000
281474976710655.000000	6.423582	6518	7419829248.000000
281474976710655.000000	5.893751	6519	7420844032.000000
281474976710655.000000	6.844744	6520	7421905408.000000
281474976710655.000000	6.347375	6521	7422916608.000000
281474976710655.000000	6.571902	6522	7423984128.000000
281474976710655.000000	6.260135	6523	7424997376.000000
281474976710655.000000	6.693574	6524	7426057728.000000
281474976710655.000000	6.672001	6525	7427076096.000000
281474976710655.000000	6.459877	6526	7428131840.000000
281474976710655.000000	6.311572	6527	7429158912.000000
281474976710655.000000	6.651972	6528	7430203904.000000
281474976710655.000000	6.046117	6529	7431239168.000000
281474976710655.000000	6.772306	6530	7432276992.000000
281474976710655.000000	6.430544	6531	7433318400.000000
281474976710655.000000	6.600882	6532	7434350080.000000
281474976710655.000000	6.492695	6533	7435400704.000000
281474976710655.000000	6.634666	6534	7436426240.000000
281474976710655.000000	6.920424	6535	7437474816.000000
281474976710655.000000	6.256108	6536	7438502400.000000
281474976710655.000000	6.486118	6537	7439550976.000000
281474976710655.000000	6.483477	6538	7440586240.000000
281474976710655.000000	6.760333	6539	7441620992.000000
281474976710655.000000	5.935990	6540	7442668544.000000
281474976710655.000000	6.601655	6541	7443694080.000000
281474976710655.000000	6.350623	6542	7444750336.000000
281474976710655.000000	6.490593	6543	7445762560.000000
281474976710655.000000	6.450867	6544	7446833664.000000
281474976710655.000000	6.449294	6545	7447836672.000000
281474976710655.000000	6.332413	6546	7448914432.000000
281474976710655.000000	6.513733	6547	7449910272.000000
281474976710655.000000	6.432775	6548	7450993664.000000
281474976710655.000000	6.467693	6549	7451986432.000000
281474976710655.000000	6.170332	6550	7453070336.000000
281474976710655.000000	6.299008	6551	7454061568.000000
281474976710655.000000	6.421777	6552	7455147008.000000
281474976710655.000000	6.460356	6553	7456139264.000000
281474976710655.000000	6.293110	6554	7457224704.000000
281474976710655.000000	6.360990	6555	7458215936.000000
281474976710655.000000	6.396552	6556	7459300864.000000
281474976710655.000000	6.471446	6557	7460294656.000000
281474976710655.000000	6.109761	6558	7461376512.000000
281474976710655.000000	6.289678	6559	7462373888.000000
281474976710655.000000	6.193492	6560	7463449600.000000
281474976710655.000000	6.242502	6561	7464454656.000000
281474976710655.000000	6.303351	6562	7465522176.000000
281474976710655.000000	6.291722	6563	7466536448.000000
281474976710655.000000	6.102839	6564	7467594752.000000
281474976710655.000000	6.269734	6565	7468619776.000000
281474976710655.000000	6.152978	6566	7469664256.000000
281474976710655.000000	6.354742	6567	7470701056.000000
281474976710655.000000	6.110163	6568	7471735808.000000
281474976710655.000000	6.212372	6569	7472782848.000000
281474976710655.000000	6.245768	6570	7473810432.000000
281474976710655.000000	6.319653	6571	7474859008.000000
281474976710655.000000	6.159434	6572	7475885568.000000
281474976710655.000000	6.246983	6573	7476936704.000000
281474976710655.000000	6.272822	6574	7477965312.000000
281474976710655.000000	6.206347	6575	7479011328.000000
281474976710655.000000	6.274483	6576	7480044032.000000
281474976710655.000000	6.134806	6577	7481085440.000000
281474976710655.000000	6.231919	6578	7482124800.000000
281474976710655.000000	6.239973	6579	7483160064.000000
281474976710655.000000	6.106205	6580	7484203520.000000
281474976710655.000000	6.121768	6581	7485234688.000000
281474976710655.000000	6.147652	6582	7486282240.000000
281474976710655.000000	5.986196	6583	7487311872.000000
281474976710655.000000	6.195178	6584	7488358400.000000
281474976710655.000000	5.998776	6585	7489387520.000000
281474976710655.000000	6.139267	6586	7490435584.000000
281474976710655.000000	6.085264	6587	7491464704.000000
281474976710655.000000	6.089532	6588	7492510208.000000
281474976710655.000000	6.090422	6589	7493544448.000000
281474976710655.000000	6.084715	6590	7494584832.000000
281474976710655.000000	6.106528	6591	7495624192.000000
281474976710655.000000	6.154558	6592	7496658432.000000
281474976710655.000000	5.992268	6593	7497703424.000000
281474976710655.000000	6.120319	6594	7498733056.000000
281474976710655.000000	6.077043	6595	7499782144.000000
281474976710655.000000	6.061419	6596	7500807680.000000
281474976710655.000000	6.090172	6597	7501859840.000000
281474976710655.000000	6.065214	6598	7502884864.000000
281474976710655.000000	6.145848	6599	7503934976.000000
281474976710655.000000	5.922550	6600	7504964096.000000
281474976710655.000000	6.099810	6601	7506009600.000000
281474976710655.000000	5.940520	6602	7507046400.000000
281474976710655.000000	6.104280	6603	7508080640.000000
281474976710655.000000	5.818847	6604	7509128704.000000
281474976710655.000000	6.040373	6605	7510152192.000000
281474976710655.000000	5.928358	6606	7511210496.000000
281474976710655.000000	6.016466	6607	7512223232.000000
281474976710655.000000	5.946216	6608	7513292288.000000
281474976710655.000000	6.051756	6609	7514296832.000000
281474976710655.000000	5.923774	6610	7515373056.000000
281474976710655.000000	5.988773	6611	7516371456.000000
281474976710655.000000	5.901487	6612	7517451264.000000
281474976710655.000000	6.012800	6613	7518447104.000000
281474976710655.000000	5.842676	6614	7519528960.000000
281474976710655.000000	5.923682	6615	7520523264.000000
281474976710655.000000	5.957174	6616	7521606144.000000
281474976710655.000000	5.972651	6617	7522599424.000000
281474976710655.000000	5.924469	6618	7523682816.000000
281474976710655.000000	5.937078	6619	7524676608.000000
281474976710655.000000	5.922870	6620	7525758976.000000
281474976710655.000000	5.906197	6621	7526755840.000000
281474976710655.000000	5.866420	6622	7527834112.000000
281474976710655.000000	5.874960	6623	7528835584.000000
281474976710655.000000	5.828340	6624	7529906688.000000
281474976710655.000000	5.859334	6625	7530914816.000000
281474976710655.000000	5.882571	6626	7531979776.000000
281474976710655.000000	5.846222	6627	7532997120.000000
281474976710655.000000	5.791864	6628	7534052352.000000
281474976710655.000000	5.819457	6629	7535079936.000000
281474976710655.000000	5.783163	6630	7536122880.000000
281474976710655.000000	5.862433	6631	7537161216.000000
281474976710655.000000	5.781278	6632	7538195968.000000
281474976710655.000000	5.810431	6633	7539241472.000000
281474976710655.000000	5.804626	6634	7540269056.000000
281474976710655.000000	5.856507	6635	7541319680.000000
281474976710655.000000	5.786791	6636	7542344704.000000
281474976710655.000000	5.874011	6637	7543396352.000000
281474976710655.000000	5.811574	6638	7544422912.000000
281474976710655.000000	5.797161	6639	7545472512.000000
281474976710655.000000	5.762432	6640	7546501632.000000
281474976710655.000000	5.821995	6641	7547547136.000000
281474976710655.000000	5.752223	6642	7548579840.000000
281474976710655.000000	5.828838	6643	7549622784.000000
281474976710655.000000	5.720575	6644	7550659072.000000
281474976710655.000000	5.783111	6645	7551698944.000000
281474976710655.000000	5.714156	6646	7552736256.000000
281474976710655.000000	5.723342	6647	7553774592.000000
281474976710655.000000	5.690820	6648	7554813440.000000
281474976710655.000000	5.690991	6649	7555851776.000000
281474976710655.000000	5.720476	6650	7556889600.000000
281474976710655.000000	5.752500	6651	7557929984.000000
281474976710655.000000	5.693009	6652	7558965248.000000
281474976710655.000000	5.720398	6653	7560008704.000000
281474976710655.000000	5.714456	6654	7561039872.000000
281474976710655.000000	5.783814	6655	7562087424.000000
281474976710655.000000	5.717515	6656	7563114496.000000
281474976710655.000000	5.734029	6657	7564166144.000000
281474976710655.000000	5.733561	6658	7565190656.000000
281474976710655.000000	5.723796	6659	7566242304.000000
281474976710655.000000	5.617891	6660	7567267328.000000
281474976710655.000000	5.681396	6661	7568318976.000000
281474976710655.000000	5.640517	6662	7569345536.000000
281474976710655.000000	5.671134	6663	7570393088.000000
281474976710655.000000	5.538686	6664	7571426816.000000
281474976710655.000000	5.678436	6665	7572466176.000000
281474976710655.000000	5.537883	6666	7573508096.000000
281474976710655.000000	5.643479	6667	7574537728.000000
281474976710655.000000	5.528759	6668	7575590400.000000
281474976710655.000000	5.607997	6669	7576610816.000000
281474976710655.000000	5.554356	6670	7577672192.000000
281474976710655.000000	5.615161	6671	7578682368.000000
281474976710655.000000	5.565646	6672	7579751936.000000
281474976710655.000000	5.622711	6673	7580756480.000000
281474976710655.000000	5.545002	6674	7581831680.000000
281474976710655.000000	5.573873	6675	7582831616.000000
281474976710655.000000	5.530685	6676	7583909376.000000
281474976710655.000000	5.563846	6677	7584908288.000000
281474976710655.000000	5.555266	6678	7585987072.000000
281474976710655.000000	5.527724	6679	7586984448.000000
281474976710655.000000	5.540743	6680	7588064256.000000
281474976710655.000000	5.542616	6681	7589061632.000000
281474976710655.000000	5.507495	6682	7590140416.000000
281474976710655.000000	5.526865	6683	7591140864.000000
281474976710655.000000	5.481312	6684	7592214528.000000
281474976710655.000000	5.498724	6685	7593219584.000000
281474976710655.000000	5.501971	6686	7594288128.000000
281474976710655.000000	5.466084	6687	7595299840.000000
281474976710655.000000	5.481725	6688	7596361728.000000
281474976710655.000000	5.452785	6689	7597381120.000000
281474976710655.000000	5.467156	6690	7598434816.000000
281474976710655.000000	5.437845	6691	7599463424.000000
281474976710655.000000	5.456269	6692	7600505856.000000
281474976710655.000000	5.443916	6693	7601543680.000000
281474976710655.000000	5.478126	6694	7602579968.000000
281474976710655.000000	5.470417	6695	7603623936.000000
281474976710655.000000	5.455377	6696	7604653056.000000
281474976710655.000000	5.449030	6697	7605703680.000000
281474976710655.000000	5.429981	6698	7606728192.000000
281474976710655.000000	5.499909	6699	7607780864.000000
281474976710655.000000	5.419662	6700	7608805376.000000
281474976710655.000000	5.488174	6701	7609857536.000000
281474976710655.000000	5.421209	6702	7610882560.000000
281474976710655.000000	5.504678	6703	7611933696.000000
281474976710655.000000	5.396636	6704	7612960768.000000
281474976710655.000000	5.476646	6705	7614009856.000000
281474976710655.000000	5.387261	6706	7615037952.000000
281474976710655.000000	5.472697	6707	7616085504.000000
281474976710655.000000	5.368123	6708	7617115648.000000
281474976710655.000000	5.454353	6709	7618162688.000000
281474976710655.000000	5.386559	6710	7619193344.000000
281474976710655.000000	5.430289	6711	7620238848.000000
281474976710655.000000	5.353014	6712	7621269504.000000
281474976710655.000000	5.420340	6713	7622316544.000000
281474976710655.000000	5.349768	6714	7623345664.000000
281474976710655.000000	5.450690	6715	7624394752.000000
281474976710655.000000	5.343401	6716	7625421312.000000
281474976710655.000000	5.444520	6717	7626472960.000000
281474976710655.000000	5.361837	6718	7627497472.000000
281474976710655.000000	5.415337	6719	7628550144.000000
281474976710655.000000	5.321545	6720	7629574144.000000
281474976710655.000000	5.358800	6721	7630626816.000000
281474976710655.000000	5.288694	6722	7631651328.000000
281474976710655.000000	5.350089	6723	7632701952.000000
281474976710655.000000	5.270197	6724	7633731584.000000
281474976710655.000000	5.289740	6725	7634776064.000000
281474976710655.000000	5.235765	6726	7635812352.000000
281474976710655.000000	5.292101	6727	7636849664.000000
281474976710655.000000	5.239202	6728	7637894656.000000
281474976710655.000000	5.284507	6729	7638921216.000000
281474976710655.000000	5.262624	6730	7639974912.000000
281474976710655.000000	5.287632	6731	7640994816.000000
281474976710655.000000	5.236920	6732	7642055680.000000
281474976710655.000000	5.268421	6733	7643068416.000000
281474976710655.000000	5.287031	6734	7644135936.000000
281474976710655.000000	5.263049	6735	7645142016.000000
281474976710655.000000	5.256712	6736	7646215168.000000
281474976710655.000000	5.227303	6737	7647218176.000000
281474976710655.000000	5.241354	6738	7648293376.000000
281474976710655.000000	5.207786	6739	7649294336.000000
281474976710655.000000	5.213146	6740	7650370560.000000
281474976710655.000000	5.194452	6741	7651371520.000000
281474976710655.000000	5.254598	6742	7652446720.000000
281474976710655.000000	5.170358	6743	7653449728.000000
281474976710655.000000	5.231854	6744	7654522368.000000
281474976710655.000000	5.167196	6745	7655527424.000000
281474976710655.000000	5.207617	6746	7656596480.000000
281474976710655.000000	5.179049	6747	7657608192.000000
281474976710655.000000	5.200070	6748	7658670592.000000
281474976710655.000000	5.151672	6749	7659687936.000000
281474976710655.000000	5.182256	6750	7660744192.000000
281474976710655.000000	5.132705	6751	7661770240.000000
281474976710655.000000	5.183932	6752	7662817792.000000
281474976710655.000000	5.138871	6753	7663849984.000000
281474976710655.000000	5.169997	6754	7664890368.000000
281474976710655.000000	5.151321	6755	7665931264.000000
281474976710655.000000	5.160310	6756	7666963456.000000
281474976710655.000000	5.174406	6757	7668009984.000000
281474976710655.000000	5.138656	6758	7669038080.000000
281474976710655.000000	5.206511	6759	7670089728.000000
281474976710655.000000	5.143414	6760	7671114240.000000
281474976710655.000000	5.167560	6761	7672166400.000000
281474976710655.000000	5.132326	6762	7673190400.000000
281474976710655.000000	5.194925	6763	7674243584.000000
281474976710655.000000	5.142005	6764	7675267584.000000
281474976710655.000000	5.237451	6765	7676320256.000000
281474976710655.000000	5.131144	6766	7677344768.000000
281474976710655.000000	5.207240	6767	7678396416.000000
281474976710655.000000	5.133754	6768	7679421952.000000
281474976710655.000000	5.214964	6769	7680473600.000000
281474976710655.000000	5.105350	6770	7681500160.000000
281474976710655.000000	5.234017	6771	7682550784.000000
281474976710655.000000	5.145498	6772	7683576832.000000
281474976710655.000000	5.229986	6773	7684627968.000000
281474976710655.000000	5.120931	6774	7685653504.000000
281474976710655.000000	5.170353	6775	7686705152.000000
281474976710655.000000	5.073822	6776	7687729664.000000
281474976710655.000000	5.145499	6777	7688782336.000000
281474976710655.000000	5.072617	6778	7689806336.000000
281474976710655.000000	5.150370	6779	7690859520.000000
281474976710655.000000	5.078099	6780	7691883008.000000
281474976710655.000000	5.114511	6781	7692936192.000000
281474976710655.000000	5.071234	6782	7693960704.000000
281474976710655.000000	5.122471	6783	7695011840.000000
281474976710655.000000	5.056485	6784	7696040960.000000
281474976710655.000000	5.062367	6785	7697085952.000000
281474976710655.000000	5.010249	6786	7698120704.000000
281474976710655.000000	5.026177	6787	7699160576.000000
281474976710655.000000	4.998298	6788	7700201472.000000
281474976710655.000000	5.069832	6789	7701234176.000000
281474976710655.000000	4.981109	6790	7702282240.000000
281474976710655.000000	5.036594	6791	7703306752.000000
281474976710655.000000	5.013735	6792	7704363008.000000
281474976710655.000000	5.001325	6793	7705380352.000000
281474976710655.000000	5.011031	6794	7706443264.000000
281474976710655.000000	5.017707	6795	7707454464.000000
281474976710655.000000	4.983601	6796	7708522496.000000
281474976710655.000000	4.992791	6797	7709530112.000000
281474976710655.000000	5.008584	6798	7710600704.000000
281474976710655.000000	4.982382	6799	7711606272.000000
281474976710655.000000	5.037818	6800	7712679424.000000
281474976710655.000000	4.935999	6801	7713682944.000000
281474976710655.000000	4.997077	6802	7714756096.000000
281474976710655.000000	4.986450	6803	7715760128.000000
281474976710655.000000	5.007757	6804	7716831744.000000
281474976710655.000000	4.945117	6805	7717839360.000000
281474976710655.000000	5.003901	6806	7718906880.000000
281474976710655.000000	4.949126	6807	7719918080.000000
281474976710655.000000	5.018186	6808	7720982528.000000
281474976710655.000000	4.932754	6809	7721997312.000000
281474976710655.000000	4.969042	6810	7723055104.000000
281474976710655.000000	4.954046	6811	7724078592.000000
281474976710655.000000	5.004078	6812	7725128704.000000
281474976710655.000000	4.926742	6813	7726159360.000000
281474976710655.000000	4.929979	6814	7727202304.000000
