num crossings	time (s)	maj axis (mm)	min axis (mm)	theta (rad )	slope (V/s)
3235	403930.700698	32.683567	-10.597067	3.529375	4.566099
3237	403932.780171	32.898330	11.327204	3.489215	4.765735
3239	403934.855161	33.098404	-10.576478	3.527569	4.278405
3241	403936.930439	33.567766	-11.048077	3.518909	4.323314
3243	403939.003203	33.364614	-10.528123	3.533611	4.341342
3245	403941.075808	33.884281	10.974067	3.499446	4.835453
3247	403943.143848	33.980250	10.964816	3.500565	4.581657
3249	403945.207270	34.493133	10.812615	3.498021	4.783328
3251	403947.278435	34.997308	-10.419116	3.529879	4.685304
3253	403949.349455	34.140034	-9.930403	3.532499	5.357414
3255	403951.421638	34.554977	-10.744750	3.504260	4.646220
3257	403953.502967	34.346370	-7.949405	3.491052	5.062998
3259	403955.584279	34.821146	11.299485	3.489487	5.373237
3261	403957.668199	34.476888	-9.869041	3.525995	4.896616
3263	403959.755640	35.182045	10.537785	3.480591	5.218789
3265	403961.840309	35.384397	10.340058	3.477306	4.726587
3267	403963.921161	35.428444	10.276833	3.473717	5.425201
3269	403966.004203	35.643450	-9.791992	3.507881	5.047640
3271	403968.084687	35.502648	-9.605351	3.523803	5.605390
3273	403970.162973	35.654850	-9.551717	3.522402	5.494549
3275	403972.239057	36.082751	-9.558161	3.515006	5.283640
3277	403974.315099	36.125948	-7.913383	3.505350	5.209837
3279	403976.389378	36.192341	10.090663	3.470101	5.305686
3281	403978.463230	36.365844	-9.506179	3.516136	5.227155
3283	403980.533081	36.613659	-9.507507	3.515127	5.868012
3285	403982.602430	36.997519	-9.455254	3.485984	5.715462
3287	403984.673503	36.414137	-10.068446	3.510225	5.619600
3289	403986.745314	37.197733	-9.227204	3.485880	5.410514
3291	403988.817580	36.687198	-9.522467	3.503835	5.759020
3293	403990.894265	37.100187	-8.607653	3.520918	6.021898
3295	403992.972485	36.967119	-9.000412	3.517550	5.929761
3297	403995.057207	37.367626	9.302786	3.492578	5.962923
3299	403997.140910	37.169577	9.400561	3.494812	5.649652
3301	403999.225814	38.076347	-8.445282	3.525498	6.024162
3303	404001.312975	37.077901	-8.594998	3.511463	5.729555
3305	404003.393165	37.836282	8.983861	3.486233	6.130309
3307	404005.472711	37.697760	-8.119017	3.518860	5.997329
3309	404007.549683	38.548054	-8.576132	3.507158	5.665648
3311	404009.628149	38.070267	-8.339223	3.509857	5.830332
3313	404011.703110	38.068340	-8.267197	3.515309	6.361655
3315	404013.772768	38.459759	8.797907	3.486815	6.147985
3317	404015.846615	38.650822	-8.272588	3.506935	5.726301
3319	404017.916282	39.237125	-7.677283	3.515394	6.179408
3321	404019.985099	37.641781	-4.071285	3.452119	6.358757
3323	404022.058828	38.823793	8.782519	3.477664	6.248304
3325	404024.132616	39.556207	-8.654416	3.484073	5.923823
3327	404026.208908	39.194663	-8.041744	3.491984	6.570566
3329	404028.288570	38.877198	-8.238039	3.498210	6.860753
3331	404030.370627	39.329652	-8.013026	3.494408	6.412756
3333	404032.453250	39.854250	-7.891922	3.491953	6.664631
3335	404034.535918	39.092019	-8.344599	3.487971	6.666718
3337	404036.616943	40.175660	-7.926913	3.483490	6.956416
3339	404038.697918	40.005486	-7.684816	3.495834	6.265335
3341	404040.777469	39.758925	-7.759662	3.502206	7.050797
3343	404042.855982	40.745301	-7.775109	3.483383	6.982188
3345	404044.932192	40.047176	-7.659278	3.501583	6.669145
3347	404047.008363	40.334277	8.398960	3.456393	6.810531
3349	404049.082836	40.502794	-7.840675	3.492833	6.958479
3351	404051.157036	40.759917	8.111122	3.458589	6.764626
3353	404053.227387	40.787945	-7.451659	3.494686	7.415335
3355	404055.301668	40.267346	-9.465388	3.495793	6.944339
3357	404057.372690	41.532542	-7.523892	3.464982	6.859716
3359	404059.446289	40.584304	-8.662882	3.489802	6.892317
3361	404061.520885	41.511382	-7.303851	3.492941	7.332725
3363	404063.599715	41.223426	-6.954390	3.495562	7.626164
3365	404065.677886	40.707065	-5.338159	3.455252	7.408876
3367	404067.762069	41.073563	-7.392900	3.485325	7.065745
3369	404069.842164	42.395576	-6.661776	3.506025	7.173530
3371	404071.926583	40.314956	-0.496175	3.426758	7.176165
3373	404074.008039	41.441944	-6.711600	3.493761	7.367545
3375	404076.088207	41.627890	-6.626292	3.493072	7.249689
3377	404078.168183	41.517566	-7.006968	3.485232	7.022432
3379	404080.245244	42.793934	-6.889999	3.487392	7.188988
3381	404082.321332	41.713386	-6.812124	3.486971	7.027738
3383	404084.396129	42.575383	7.499921	3.469508	7.500661
3385	404086.469588	42.388733	7.266666	3.464914	7.388514
3387	404088.541877	42.430006	-6.809596	3.480302	7.675044
3389	404090.613385	42.749332	-6.638027	3.477841	7.512666
3391	404092.685333	42.790313	-6.603175	3.476584	7.304376
3393	404094.758061	42.459190	-6.403842	3.484288	7.460159
3395	404096.833841	42.235609	7.728013	3.456640	7.981587
3397	404098.910524	42.969022	-6.365680	3.476691	7.628981
3399	404100.988313	43.125067	7.117831	3.449424	7.265734
3401	404103.069104	43.886849	-6.670517	3.464333	8.387955
3403	404105.148856	42.109961	-8.948725	3.488473	7.831250
3405	404107.230026	43.091276	-6.448261	3.473374	7.821863
3407	404109.309949	42.682588	-8.727253	3.478027	7.579882
3409	404111.389498	43.331282	-6.356809	3.474708	7.896230
3411	404113.467865	42.810747	-6.849770	3.467247	8.054199
3413	404115.545346	44.108623	6.707762	3.438143	7.698024
3415	404117.622332	44.429087	-6.299683	3.456229	7.806707
3417	404119.698729	43.070987	-8.148392	3.474871	7.674204
3419	404121.772058	44.228420	6.676005	3.439273	8.525585
3421	404123.845152	44.813724	-6.131880	3.453643	7.581760
3423	404125.921089	44.870440	-5.790477	3.472857	8.272149
3425	404127.994630	44.142836	-6.121181	3.471964	8.515136
3427	404130.067189	44.208522	6.633568	3.446866	8.109585
3429	404132.141816	44.706392	6.458634	3.449935	8.633945
3431	404134.219726	44.693106	-5.911781	3.470509	7.911272
3433	404136.296568	44.722665	-5.788357	3.471118	8.576429
3435	404138.376879	44.678380	-5.721569	3.471337	8.198180
3437	404140.456380	44.545722	-5.780751	3.468836	8.321956
3439	404142.539074	44.654118	-5.692979	3.466659	8.767229
3441	404144.619220	43.285095	0.276904	3.409826	8.022100
3443	404146.701152	44.653220	-6.278438	3.453559	8.092037
3445	404148.778873	45.091121	6.099396	3.445009	8.429762
3447	404150.857602	46.304972	-5.596983	3.471397	8.645843
3449	404152.933097	45.679282	-5.830612	3.453592	8.377629
3451	404155.010288	45.763678	-5.123239	3.470570	8.208537
3453	404157.084077	43.357928	1.274681	3.409012	8.357484
3455	404159.158806	45.409988	6.030246	3.442371	8.653644
3457	404161.230908	46.006638	5.944493	3.441338	8.203924
3459	404163.304556	45.445270	-5.826285	3.450338	8.389210
3461	404165.377415	45.905014	-5.210606	3.459426	8.594816
3463	404167.452191	47.077476	-5.609528	3.457998	8.744154
3465	404169.528253	44.659183	-4.998730	3.441775	8.591851
3467	404171.604347	45.831061	-5.472370	3.450233	8.725005
3469	404173.681918	46.483214	-5.621658	3.439615	8.848543
3471	404175.760551	46.413988	-5.451964	3.443309	9.270210
3473	404177.840888	45.493353	-5.215428	3.456366	8.633084
3475	404179.919762	45.911937	-5.547595	3.450029	9.048238
3477	404181.999090	46.022307	-5.313061	3.451750	9.039286
3479	404184.076974	45.009201	-7.747033	3.460715	9.295404
3481	404186.154383	46.354136	-5.442707	3.449985	8.905645
3483	404188.230990	46.692519	5.662589	3.417600	9.181321
3485	404190.307659	46.549766	5.735496	3.417650	8.809192
3487	404192.382034	47.381220	-5.126694	3.434828	9.590261
3489	404194.457397	46.462658	-5.125524	3.453520	9.156150
3491	404196.532155	48.130703	-5.052211	3.434834	8.944953
3493	404198.606727	47.641106	-4.608209	3.453462	9.002677
3495	404200.681492	47.787558	-4.628326	3.455428	9.162564
3497	404202.757317	46.691475	-5.040030	3.452231	9.257599
3499	404204.834537	48.112196	-4.821506	3.443469	9.150452
3501	404206.911633	47.477519	-4.815319	3.453854	9.384508
3503	404208.991036	46.808094	-4.903723	3.450493	8.782639
3505	404211.070322	47.209133	5.239531	3.426662	9.224406
3507	404213.151440	47.048918	5.318358	3.426868	9.289679
3509	404215.230783	46.883001	-5.398441	3.434727	8.922518
3511	404217.311196	47.123356	-4.799767	3.443616	9.043221
3513	404219.389288	46.838873	-4.923372	3.437596	8.906141
3515	404221.467111	47.346360	5.220155	3.424952	9.053617
3517	404223.543213	48.190807	5.095324	3.423531	9.161510
3519	404225.619785	47.186711	-5.199349	3.433163	9.209983
3521	404227.694714	47.623001	-4.562310	3.442921	9.115196
3523	404229.768438	47.612045	-4.764459	3.438768	9.660709
3525	404231.842821	45.999356	1.575691	3.385054	8.733646
3527	404233.916344	47.589867	-4.911755	3.432078	9.067725
3529	404235.989273	47.756818	5.139873	3.413489	9.329870
