num crossings	time (s)	maj axis (mm)	min axis (mm)	theta (rad )	slope (V/s)
1633	402228.806709	38.401545	14.537204	3.845997	5.310407
1637	402232.936386	38.353092	14.462761	3.855114	4.943119
1639	402234.995755	39.033219	14.380039	3.863298	5.194392
1641	402237.065688	39.078068	14.682862	3.871917	6.200652
1643	402239.147982	38.350278	13.801949	3.817863	6.963016
1645	402241.229158	38.705509	14.642089	3.854439	5.653831
1647	402243.311664	38.060958	13.877521	3.844081	4.850364
1649	402245.398065	39.115742	14.467106	3.837230	5.894165
1651	402247.485230	38.741714	13.656234	3.833152	4.746671
1653	402249.564168	39.365335	13.682640	3.831588	6.523311
1655	402251.640311	37.217246	17.206116	3.884349	6.282930
1657	402253.717889	39.770771	14.668225	3.811224	4.831133
1659	402255.795628	39.505017	14.133997	3.821331	5.946948
1661	402257.867935	40.801790	13.605845	3.846487	6.678417
1663	402259.937948	39.962382	13.205921	3.818953	6.386098
1665	402262.006809	40.264749	13.183546	3.819258	6.160126
1667	402264.076727	40.956360	13.087444	3.816843	5.601950
1669	402266.143858	40.549255	12.835408	3.804723	6.214464
1671	402268.218072	40.613859	13.255563	3.810715	6.905206
1673	402270.290867	41.336984	14.269828	3.797880	6.586016
1675	402272.370161	41.117895	13.208399	3.811619	7.266982
1677	402274.455710	41.151904	12.976483	3.808783	6.859126
1679	402276.541278	40.897579	12.697136	3.796526	7.206650
1681	402278.630475	41.548855	12.973421	3.803544	6.694034
1683	402280.712801	41.470099	12.513659	3.807582	7.276114
1685	402282.795804	41.572325	13.282356	3.789217	6.615021
1687	402284.876057	42.200644	12.621257	3.807421	7.682624
1689	402286.954050	40.906417	12.320386	3.828431	6.559629
1691	402289.030528	42.544640	12.294675	3.802488	7.530102
1693	402291.105902	42.166227	12.924059	3.776941	6.980128
1695	402293.184067	42.318556	13.320017	3.763658	7.882754
1697	402295.260655	43.317168	12.169737	3.804767	7.750315
1699	402297.332423	42.212959	12.036018	3.808579	7.732480
1701	402299.408143	43.026504	11.787696	3.776977	7.025970
1703	402301.478613	43.488247	11.968927	3.788053	8.265486
1705	402303.548984	43.478629	12.656362	3.768412	7.650024
1707	402305.618585	43.607041	11.649131	3.774703	7.559154
1709	402307.687551	43.951485	11.947657	3.781425	7.317136
1711	402309.753245	43.871249	11.514794	3.776187	8.249346
1713	402311.827571	42.786394	12.187123	3.763854	8.170479
1715	402313.902796	44.377753	11.791085	3.782102	7.814435
1717	402315.979628	44.348533	11.505621	3.786420	8.392565
1719	402318.059676	44.207088	11.378387	3.782793	7.889444
1721	402320.143081	45.041316	11.465324	3.782207	8.182470
1723	402322.224638	44.215921	10.879720	3.764322	7.568296
1725	402324.306373	44.036509	10.870103	3.767453	8.203220
1727	402326.385180	44.886657	11.056117	3.774722	8.131546
1729	402328.464661	45.036509	10.967337	3.772226	7.682500
1731	402330.541282	45.763048	11.791915	3.745847	8.443678
1733	402332.615869	45.884831	11.328533	3.751220	8.855931
1735	402334.689034	45.908229	10.802981	3.768919	8.512768
1737	402336.762234	46.784450	10.761625	3.779906	7.438884
1739	402338.833042	44.812937	16.793429	3.741026	8.585883
1741	402340.905256	46.558009	10.970811	3.745996	8.291396
1743	402342.976338	46.931678	10.968674	3.745959	8.853559
1745	402345.050482	46.965292	10.310080	3.758627	9.305121
1747	402347.128673	46.865800	10.117851	3.731096	9.134688
1749	402349.210314	46.894063	10.081388	3.726116	8.685723
1751	402351.291089	46.890900	3.504384	3.781829	8.641586
1753	402353.372334	46.912217	10.879725	3.738927	9.104048
1755	402355.454824	47.502080	11.004549	3.735869	9.607957
1757	402357.539140	47.307709	10.727430	3.734922	9.071713
1759	402359.618449	48.104528	10.189564	3.746786	9.343685
1761	402361.699990	47.806034	10.026873	3.738108	9.164072
1763	402363.775475	46.506682	9.382227	3.766915	9.906265
1765	402365.855304	48.104216	9.829301	3.748408	8.783727
1767	402367.929958	48.646245	9.806100	3.747564	9.323575
1769	402370.008074	48.673912	10.353444	3.722406	9.613102
1771	402372.080096	48.603944	10.368581	3.721816	9.896816
1773	402374.155340	48.805109	9.443038	3.733543	9.098918
1775	402376.228083	49.379873	9.577664	3.723740	9.642677
1777	402378.299360	48.447722	9.509402	3.745960	10.014069
1779	402380.370568	50.020817	10.084662	3.729221	9.973975
1781	402382.444054	49.550378	9.315929	3.733954	9.801639
1783	402384.514577	49.080423	2.523645	3.765186	9.550473
1785	402386.587369	50.619631	9.619826	3.734142	9.858771
1787	402388.664960	48.553207	5.170762	3.727255	11.083984
1789	402390.743348	50.390403	9.747731	3.732580	9.970551
1791	402392.822772	49.170778	8.927778	3.737404	10.442023
1793	402394.902201	50.869311	9.284067	3.726464	10.509717
1795	402396.984317	50.349571	8.789982	3.728452	10.474817
1797	402399.063292	50.079916	8.781857	3.735150	10.074445
1799	402401.142758	50.632850	8.666870	3.725926	10.544708
1801	402403.219779	51.545843	8.698827	3.723513	11.025711
1803	402405.296885	51.157951	8.563002	3.723969	10.418178
1805	402407.372585	50.855402	8.565120	3.730405	10.240282
1807	402409.447009	50.820893	8.561211	3.726335	11.155422
1809	402411.520066	51.957321	8.987589	3.717291	11.209885
1811	402413.593182	53.169842	8.640697	3.742361	11.297999
1813	402415.666474	51.540721	8.529900	3.723694	11.496472
1815	402417.742124	51.638441	8.701394	3.727843	11.139814
1817	402419.816911	51.710040	8.621986	3.726859	10.910767
1819	402421.893994	51.956411	8.664820	3.727863	11.592173
1821	402423.972444	52.624858	8.973239	3.711062	11.679782
1823	402426.054185	52.018223	8.459738	3.725999	11.714845
1825	402428.135132	54.022848	8.477832	3.716924	10.840832
1827	402430.215867	53.513259	5.252999	3.739976	11.120807
1829	402432.296085	54.123420	8.428677	3.714318	12.304081
1831	402434.376060	53.073479	8.198866	3.727038	11.247928
1833	402436.455292	54.472885	8.364128	3.714256	11.615380
1835	402438.533210	53.525620	8.071919	3.726672	11.319370
1837	402440.610359	54.761477	8.249198	3.713877	12.428280
1839	402442.686575	54.101825	7.904166	3.712777	11.515314
1841	402444.761966	54.312086	7.903309	3.712002	12.084758
1843	402446.837662	54.513269	7.857342	3.711362	11.762046
1845	402448.910845	53.892686	6.660795	3.725076	12.223885
1847	402450.984404	56.059140	8.180198	3.712517	11.804819
1849	402453.057323	54.108957	5.928950	3.730934	12.644740
1851	402455.131191	55.183520	7.700819	3.713118	12.239079
1853	402457.203433	54.221287	1.955858	3.736996	12.427928
1855	402459.277885	56.803626	8.063227	3.717536	12.957845
1857	402461.354192	55.570924	9.480589	3.690620	13.130190
1859	402463.431372	55.029559	7.519805	3.722983	12.313329
1861	402465.509762	55.298074	7.483834	3.721767	13.031585
1863	402467.588881	55.869691	7.406185	3.713424	12.780803
1865	402469.668460	55.437310	7.310473	3.718609	13.184736
1867	402471.747581	56.599071	8.120729	3.707742	12.904181
1869	402473.825855	55.474539	7.228573	3.714078	13.010319
1871	402475.904056	58.089473	7.623628	3.726222	13.490943
1873	402477.980857	55.557140	12.683046	3.709622	12.936904
1875	402480.056531	58.412833	7.537734	3.725998	13.142638
1877	402482.132040	56.420880	7.154861	3.713728	14.360640
1879	402484.206359	57.249441	7.032490	3.706196	13.744207
1881	402486.280523	58.224700	7.149195	3.704768	13.098993
1883	402488.355160	56.371865	8.673494	3.696887	12.990241
1885	402490.429990	57.804495	7.560985	3.700067	13.245669
1887	402492.505827	59.269842	7.088311	3.716306	13.807687
1889	402494.582980	57.939108	6.947014	3.698221	13.755112
1891	402496.662122	54.719856	10.417949	3.674562	13.593720
1893	402498.741475	58.415493	7.622384	3.700220	13.456043
1895	402500.821585	58.455316	7.768966	3.697085	13.355064
1897	402502.900546	58.288406	7.503481	3.698639	13.841132
1899	402504.980312	60.131528	7.211376	3.701373	14.099380
1901	402507.059568	59.202824	6.998264	3.719245	13.553167
1903	402509.138483	58.613303	6.893670	3.717569	14.195840
1905	402511.215224	58.764854	6.851134	3.717858	14.073137
1907	402513.293356	59.299112	6.735528	3.704683	13.815997
1909	402515.368751	59.095990	6.838963	3.717610	14.049144
1911	402517.445230	59.645458	6.810128	3.716773	13.819355
1913	402519.518991	60.010083	7.372870	3.696659	14.223084
1915	402521.594289	59.851460	7.322263	3.698264	14.423868
1917	402523.668439	61.668568	7.030885	3.702064	14.274610
1919	402525.743002	59.664811	6.595438	3.715922	14.407777
1921	402527.816190	59.869850	6.556245	3.715515	14.658209
1923	402529.891398	60.559050	6.542299	3.707366	15.440231
1925	402531.967510	60.032167	9.479404	3.678535	14.750302
1927	402534.044122	60.045215	6.379118	3.713705	14.510240
