num crossings	time (s)	maj axis (mm)	min axis (mm)	theta (rad )	slope (V/s)
5271	5998.760336	52.485702	12.688349	1.565999	5.773356
5273	6000.829626	54.989825	13.683421	1.558205	5.466880
5275	6002.899383	52.504417	12.619325	1.573984	5.869189
5277	6004.971160	52.594130	12.568494	1.576513	5.711580
5279	6007.045482	52.513401	12.536198	1.576968	5.732766
5281	6009.120399	52.672117	12.513885	1.578557	5.854851
5283	6011.197917	52.471617	12.475709	1.576613	5.472513
5285	6013.276212	52.341721	12.457269	1.576112	5.714752
5287	6015.357267	52.664084	12.469620	1.576668	5.784242
5289	6017.440616	52.058961	12.446021	1.579781	5.910844
5291	6019.525366	51.707102	12.327231	1.584125	5.878320
5293	6021.610090	53.551157	13.056561	1.625902	5.486284
5295	6023.691655	51.454814	12.370369	1.609584	5.992356
5297	6025.762393	52.215951	13.462519	1.622174	5.719419
5299	6027.829070	52.784195	12.185064	1.589492	5.918870
5301	6029.894322	52.725177	12.613970	1.588304	5.940618
5303	6031.966856	52.187128	12.365583	1.582334	5.391894
5305	6034.048408	51.660859	12.138848	1.583291	5.908527
5307	6036.136286	53.026962	13.187337	1.632847	5.737491
5309	6038.224579	51.841908	12.214188	1.601939	5.902220
5311	6040.306478	51.836168	12.131366	1.613213	5.832096
5313	6042.385434	51.251373	15.649095	1.671164	5.888544
5315	6044.459491	52.159218	12.033300	1.609013	6.160274
5317	6046.533843	52.238011	12.021008	1.603078	5.674736
5319	6048.607453	52.298328	11.995280	1.600565	5.737118
5321	6050.683009	52.301313	12.006487	1.600220	5.494521
5323	6052.761541	51.876926	12.054157	1.601736	5.768110
5325	6054.840463	51.964172	12.002811	1.602041	5.891452
5327	6056.920172	52.984713	12.282338	1.642437	5.783750
5329	6058.999087	51.541289	11.601133	1.608207	5.816117
5331	6061.076907	51.748006	11.832565	1.610026	5.556367
5333	6063.153274	51.985326	11.879128	1.607955	5.762261
5335	6065.223937	52.534467	11.902580	1.603481	5.545664
5337	6067.292086	54.465515	12.704654	1.587536	5.503900
5339	6069.360111	52.717938	12.440920	1.656340	5.666984
5341	6071.430873	51.701870	12.775274	1.648153	5.814757
5343	6073.512095	51.906259	11.692195	1.624757	5.637562
5345	6075.597695	51.907075	11.581821	1.617339	5.650977
5347	6077.684533	51.704977	11.529352	1.612953	5.942620
5349	6079.768386	51.774864	11.622201	1.613473	5.431010
5351	6081.848688	52.787735	12.028584	1.623677	5.667512
5353	6083.925890	53.043048	11.330295	1.617458	5.841358
5355	6086.000442	52.660952	11.274908	1.618125	5.753351
5357	6088.076090	53.197549	12.429467	1.668384	5.694133
5359	6090.152111	52.040322	11.584587	1.623000	5.711495
5361	6092.229322	51.918723	11.556746	1.625459	5.853701
5363	6094.307820	51.869821	11.520849	1.630059	5.726258
5365	6096.387301	51.694754	11.471900	1.636886	5.568101
5369	6100.542889	52.811033	11.281875	1.636357	5.854008
5371	6102.616646	53.202502	11.785698	1.667101	5.827651
5373	6104.687245	52.310842	11.510183	1.633265	5.922170
5375	6106.754135	52.428914	11.449011	1.628732	5.771500
5377	6108.823327	52.191214	11.070370	1.627201	5.557437
5379	6110.895306	52.127836	11.290006	1.622334	5.583421
5381	6112.975183	51.958847	11.264044	1.623499	5.816293
5383	6115.058566	51.812384	11.298059	1.628558	5.491954
5385	6117.145500	51.689631	11.279802	1.635394	5.532453
5387	6119.229601	51.581110	11.133869	1.637813	5.520532
5389	6121.310181	51.383540	11.226408	1.645496	5.579106
5391	6123.390060	52.358713	11.136153	1.645771	5.728639
5393	6125.468210	51.206400	11.033580	1.652691	5.230579
5395	6127.545712	51.416574	11.112956	1.654476	5.534541
5397	6129.623280	52.583383	11.274614	1.650801	5.575942
5399	6131.700202	53.012238	11.654092	1.670629	5.784433
5401	6133.776690	52.710559	10.685906	1.642944	5.720894
5403	6135.851682	51.378272	10.838302	1.649217	5.507699
5405	6137.926139	54.095923	13.048383	1.630506	5.548807
5407	6139.997510	52.988753	11.655486	1.680468	5.565000
5409	6142.066877	52.590082	11.610159	1.686660	5.588767
5411	6144.137929	52.024565	11.086396	1.654384	5.644637
5413	6146.209199	51.953652	11.408083	1.669872	5.497583
5415	6148.284363	51.883681	11.455634	1.673126	5.710956
5417	6150.365277	53.284413	15.846247	1.603015	5.689704
5419	6152.449556	51.393086	11.631139	1.694166	5.692747
5421	6154.534502	51.565786	10.752739	1.653780	5.774448
5423	6156.617787	52.091484	10.900941	1.651933	5.726502
5425	6158.698725	51.375314	11.100878	1.704264	5.440754
5427	6160.778987	51.273990	10.768761	1.664754	5.912514
5429	6162.856467	51.191395	10.731311	1.669377	5.768331
5431	6164.933126	50.895880	13.521267	1.711782	5.626477
5433	6167.010595	51.108252	10.696712	1.674052	5.732071
5435	6169.088503	51.307682	10.666673	1.676131	5.715057
5437	6171.165293	51.489549	10.635653	1.676063	5.710394
5439	6173.240751	51.602257	10.596137	1.674954	5.897361
5443	6177.384751	52.067617	10.511521	1.668113	5.522219
5445	6179.454157	52.078510	10.503212	1.665135	5.529919
5447	6181.523610	52.036479	10.480744	1.662278	5.597923
5449	6183.596374	51.940646	10.479770	1.660455	5.557419
5453	6187.751389	51.672153	10.493669	1.662388	5.728932
5455	6189.833880	51.447310	10.605570	1.667620	5.403729
5457	6191.917384	51.226284	10.137342	1.668569	5.596612
5459	6194.000302	51.401545	10.148174	1.671235	5.538036
5461	6196.081563	51.417883	10.402269	1.677119	5.597129
5463	6198.160377	51.635895	10.390685	1.677078	5.608063
5465	6200.238015	51.786379	10.580150	1.681176	5.702073
5467	6202.315644	51.715497	10.354741	1.677387	5.352219
5469	6204.392170	51.725600	10.329066	1.677683	5.334836
5471	6206.467265	51.853109	10.356593	1.678417	5.627985
5473	6208.540509	51.709326	10.237061	1.680710	5.653436
5475	6210.613966	52.420120	10.277603	1.683455	5.524169
5477	6212.685162	51.856862	10.199168	1.684496	5.525007
5479	6214.757037	52.568854	12.035900	1.655622	5.508656
5481	6216.829827	51.772973	10.098362	1.687791	5.639155
5483	6218.906769	51.491848	10.320218	1.693217	5.687511
5485	6220.986095	51.481473	10.110521	1.693673	5.493206
5487	6223.068577	51.425443	10.082454	1.691326	5.376468
5489	6225.152110	51.550895	10.180061	1.693073	5.775391
5491	6227.235443	51.818534	9.993343	1.690020	5.552150
5493	6229.316365	51.497413	10.034231	1.687222	5.564531
5495	6231.397055	51.213679	10.846938	1.702976	5.651218
5497	6233.475373	51.431879	10.039661	1.693093	5.696909
5499	6235.553712	54.286425	15.557164	1.680785	5.636705
5501	6237.631358	51.901696	10.031590	1.698164	5.584635
5503	6239.707600	50.889377	11.013878	1.745809	5.660497
5505	6241.782517	51.595483	9.952243	1.699382	5.907988
5507	6243.856061	51.746622	9.898883	1.699630	5.587090
5509	6245.928698	51.954958	9.889338	1.698749	5.574853
5511	6247.999731	55.202068	16.705008	1.627954	5.655224
5513	6250.070923	51.771303	9.775730	1.697223	5.751969
5515	6252.142997	53.140111	15.845272	1.644877	5.509474
5517	6254.217571	51.677563	10.292886	1.744236	5.348151
5519	6256.295067	51.800810	9.263964	1.686858	5.430264
5521	6258.375125	51.518785	9.827350	1.696878	5.477337
5523	6260.457524	51.707127	9.574002	1.696969	5.589446
5525	6262.538313	51.469026	9.803027	1.702379	5.663055
5527	6264.619376	51.464430	9.776342	1.704659	5.533299
5529	6266.698508	52.194263	10.890816	1.700714	5.441756
5531	6268.777314	51.353989	9.493297	1.704297	5.720547
5533	6270.855013	52.631907	10.374968	1.741641	5.589811
5535	6272.931121	51.475524	9.668758	1.710792	5.502461
5537	6275.006048	51.636490	9.681598	1.709609	5.541665
5539	6277.080590	52.866251	11.192649	1.683744	5.616912
5541	6279.152947	51.582987	9.668852	1.714243	5.573323
5543	6281.226663	51.738457	9.636519	1.716357	5.494032
5545	6283.300119	51.690714	9.629166	1.719415	5.368124
5547	6285.374984	51.519323	9.890160	1.728965	5.405740
5549	6287.452388	51.485002	9.547514	1.723420	5.610088
5551	6289.531629	51.389764	9.516828	1.722724	5.586211
5553	6291.612450	51.329630	9.487836	1.720512	5.451669
5555	6293.695379	51.345033	9.445857	1.718769	5.684158
5559	6297.858376	52.985214	15.887738	1.661350	5.882252
5561	6299.939076	51.196134	9.341439	1.721259	5.588234
5563	6302.017436	51.127926	9.628519	1.725547	5.697820
