num crossings	time (s)	maj axis (mm)	min axis (mm)	theta (rad )	slope (V/s)
3947	404680.145970	35.361893	-14.221711	0.400341	5.019397
3949	404682.224978	35.914835	-14.205941	0.393192	3.884573
3951	404684.283686	35.740632	-14.100295	0.395523	5.751394
3953	404686.356162	35.831231	-13.920344	0.387136	5.493661
3955	404688.427283	35.861458	-14.185091	0.367584	4.619993
3957	404690.507625	35.611255	-13.502293	0.381851	4.578316
3959	404692.604282	35.621011	-13.280014	0.391591	5.985430
3961	404694.704109	36.402992	-13.268032	0.415896	5.203719
3963	404696.795294	35.698020	-13.028748	0.362605	4.737492
3965	404698.873705	37.335157	-13.228185	0.413370	6.471210
3967	404700.928515	37.080677	-13.136967	0.409079	5.708040
3969	404702.995901	39.739358	-13.032078	0.444805	5.137641
3971	404705.050591	37.674023	-13.071877	0.384041	5.642602
3973	404707.135467	38.333018	-12.468795	0.385302	7.004552
3975	404709.214793	37.511184	-12.602652	0.381954	5.673025
3977	404711.295580	37.596787	-12.262783	0.388268	4.830836
3979	404713.381025	37.858526	-12.313139	0.388510	7.305256
3981	404715.466718	38.634993	-12.222743	0.397705	6.660410
3983	404717.548194	37.580677	-12.293037	0.365973	5.000387
3985	404719.624622	38.230025	-12.321796	0.384842	5.715654
3987	404721.697548	39.462509	-12.261320	0.380564	7.261725
3989	404723.768735	39.284668	12.593920	0.367527	6.525893
3991	404725.840566	39.437880	-11.677607	0.392565	6.022963
3993	404727.909709	40.185763	-12.200435	0.383933	5.516401
3995	404729.983988	39.663112	-11.466581	0.398858	6.009567
3997	404732.067114	39.393491	-11.267022	0.416677	7.518065
3999	404734.158787	39.613749	-11.673549	0.392725	6.580810
4001	404736.247411	40.191451	-11.506003	0.374099	7.398731
4003	404738.341223	40.170755	-11.606841	0.365397	5.951427
4005	404740.424937	40.328777	-12.068743	0.335131	6.896109
4007	404742.493263	41.059113	-11.158798	0.367513	6.798844
4009	404744.558345	41.939841	-10.956146	0.389996	5.659425
4011	404746.620629	41.412045	-11.840925	0.368333	6.484469
4013	404748.687247	41.249405	-10.801739	0.387918	6.455738
4015	404750.760635	41.199518	-10.902016	0.389958	7.858674
4017	404752.843061	42.932260	-13.518643	0.437405	8.316441
4019	404754.918678	41.583662	11.504303	0.339344	6.614227
4021	404756.998031	41.010927	-10.993898	0.361710	7.399515
4023	404759.072606	41.681966	-10.770290	0.374968	6.894664
4025	404761.154841	43.730840	-12.133280	0.417207	8.583458
4027	404763.228581	41.773168	11.297042	0.327450	7.364791
4029	404765.306243	41.510473	-10.900104	0.352547	6.900800
4031	404767.385227	42.175925	-10.333835	0.363676	8.261119
4033	404769.472333	42.291104	-10.482761	0.360967	8.253712
4035	404771.560930	42.343712	-10.130946	0.369454	7.442249
4037	404773.651497	42.595392	-10.069724	0.376081	7.933803
4039	404775.737222	43.624857	-10.474894	0.369900	7.689408
4041	404777.815177	43.527461	-9.827985	0.377050	8.254888
4043	404779.885770	44.433848	-10.368493	0.364073	8.090310
4045	404781.952275	44.150449	10.826142	0.335269	7.364659
4047	404784.017547	43.944227	-10.019340	0.362344	7.729892
4049	404786.085602	44.814845	-9.708898	0.356756	8.292801
4051	404788.158976	44.521071	-9.903926	0.348374	7.905600
4053	404790.235354	44.669276	-9.660037	0.352451	8.248300
4055	404792.313131	44.467241	-9.922024	0.345328	7.765167
4057	404794.391116	43.707905	-9.750759	0.345833	8.559467
4059	404796.469435	44.136284	-9.373376	0.362905	8.753253
4061	404798.546937	44.609212	-9.358830	0.359690	8.532869
4063	404800.623196	44.696734	-9.311735	0.361601	8.034300
4065	404802.699041	44.706718	-9.139200	0.368483	8.030915
4067	404804.775010	46.629780	-12.597567	0.406433	8.931636
4069	404806.854280	45.052506	-8.987893	0.362619	9.213760
4071	404808.933718	45.127061	-9.055147	0.372806	8.598715
4073	404811.016867	45.111137	-9.127896	0.362492	8.720457
4075	404813.105570	45.162861	-9.110586	0.355560	8.605455
4077	404815.192841	45.186742	-9.599019	0.339991	8.795157
4079	404817.279407	47.422203	-11.309747	0.368750	8.506706
4081	404819.361484	45.227448	-9.439226	0.336616	8.862800
4083	404821.434782	47.774702	-13.953284	0.410846	9.063489
4085	404823.505334	46.492767	-8.662513	0.341837	9.035781
4087	404825.571761	46.037378	-8.997189	0.341824	9.376037
4089	404827.640337	46.622726	-8.567805	0.352301	8.217094
4091	404829.709895	46.561689	-8.515312	0.353378	9.504382
4093	404831.783749	46.444979	-8.406223	0.358992	9.556512
4095	404833.858794	46.631178	-8.458937	0.350561	9.357260
4097	404835.935717	47.253555	-8.563911	0.339883	8.886946
4099	404838.011834	46.522786	-8.814218	0.327208	9.125703
4101	404840.090541	46.874628	-8.410678	0.342737	9.193548
4103	404842.168871	46.901283	-8.233475	0.339914	9.673080
4105	404844.250217	47.526538	-8.196542	0.330360	9.336751
4107	404846.331832	47.294236	8.685456	0.322757	9.514940
4109	404848.416190	46.912776	-7.920149	0.339867	9.987023
4111	404850.503174	47.813399	-7.955487	0.350413	9.234384
4113	404852.587840	47.454237	-7.773540	0.346796	9.816653
4115	404854.668685	47.534412	-7.648636	0.359886	9.374677
4117	404856.743646	47.704950	-7.771630	0.356688	9.821783
4119	404858.815810	47.968130	-8.043182	0.347600	9.353929
4121	404860.885259	48.890528	-8.017654	0.329906	9.509585
4123	404862.953475	48.333834	8.546760	0.301563	9.249560
4125	404865.024786	48.409453	-8.185119	0.326004	9.821010
4127	404867.094901	48.330383	-7.757208	0.331002	9.474049
4129	404869.171989	50.503921	-8.506356	0.345942	9.856929
4131	404871.244829	48.270693	-7.668210	0.330375	9.598009
4133	404873.322931	48.490332	-7.590311	0.330403	10.213645
4135	404875.397976	50.342778	-10.300310	0.362630	9.909607
4137	404877.477039	48.582412	-7.447372	0.330897	9.979471
4139	404879.552840	50.526708	-9.939424	0.351987	9.777333
4141	404881.633315	48.814951	8.052540	0.295298	10.349890
4143	404883.710880	48.736369	-7.333326	0.330927	9.993401
4145	404885.793236	48.788867	-7.707858	0.331637	10.043290
4147	404887.875937	49.267815	-7.495835	0.315201	9.931432
4149	404889.960691	48.748875	-7.368325	0.322208	10.140818
4151	404892.045717	48.862391	-7.307958	0.315794	9.955012
4153	404894.127223	49.091709	-8.133707	0.298205	10.043548
4155	404896.207690	49.461583	-7.139195	0.309298	9.588963
4157	404898.284610	49.644225	-7.091908	0.309773	10.813628
4159	404900.356712	50.407544	-6.958986	0.310208	10.392416
4161	404902.424178	49.764628	-7.042784	0.315560	10.841056
4163	404904.495926	50.696054	-6.861853	0.324696	10.724667
4165	404906.567978	49.827406	-7.466443	0.296353	10.794093
4167	404908.639466	49.901579	-6.946934	0.320079	10.545006
4169	404910.713818	49.949906	-6.907641	0.318679	10.038314
4171	404912.789343	49.967461	-6.899348	0.317062	10.498496
4173	404914.866013	49.872921	-6.932801	0.313732	10.785768
4175	404916.943741	49.953234	-6.857323	0.315281	11.228032
4177	404919.023511	49.798787	-6.886578	0.313333	10.267671
4179	404921.102826	49.996398	-6.756988	0.310637	10.926992
4181	404923.185096	52.587524	-12.336143	0.381674	11.149938
4183	404925.269039	49.750049	-7.253190	0.290444	11.083800
4185	404927.352867	49.875542	-7.125051	0.310395	9.991634
4187	404929.435298	51.016993	-6.902559	0.308032	11.492686
4189	404931.514360	50.747983	-6.502089	0.315511	10.975667
4191	404933.591144	50.671510	-6.610581	0.322108	10.573947
4193	404935.665170	50.948436	-6.641729	0.312262	10.957922
4195	404937.736724	50.985105	-6.648906	0.309242	10.392202
4197	404939.807081	54.321269	-7.592408	0.308646	10.686985
4199	404941.879258	50.864251	-6.567178	0.302664	10.473257
4201	404943.950419	53.618503	-7.046449	0.303553	10.832944
4203	404946.024075	51.090511	-6.543441	0.303048	10.795445
4205	404948.099221	53.491014	-6.956228	0.301325	10.141786
4207	404950.174467	50.401794	-6.980872	0.290194	10.868415
4209	404952.251455	51.588300	-6.428457	0.293837	10.997989
4211	404954.328066	51.140491	-6.364504	0.301061	11.197668
4213	404956.406289	51.123673	-6.828574	0.298560	10.616471
4215	404958.485980	53.847837	-7.041923	0.295226	10.826908
4217	404960.566527	51.575844	-6.223287	0.289299	10.740835
4219	404962.648217	51.534987	-6.200150	0.287538	11.227016
4221	404964.729426	51.124852	-6.296139	0.291240	11.114813
4223	404966.812164	51.784518	-6.109193	0.282051	11.055805
4225	404968.894580	51.549726	-6.324727	0.286848	10.724498
4227	404970.974949	52.517419	-5.909315	0.282293	11.224431
4229	404973.051576	51.282781	-6.823064	0.275878	11.441503
4231	404975.126468	51.736363	-6.719697	0.272460	11.551735
4233	404977.198250	51.952109	-5.998054	0.283819	11.162762
4235	404979.270474	52.069136	-6.007038	0.284676	11.311820
4237	404981.341537	52.198131	-6.006879	0.285465	11.682498
4239	404983.414499	54.325930	-11.740926	0.350641	10.471736
4241	404985.487126	52.014396	6.445067	0.268347	11.991883
