time (s)	energy (uJ)	charge (mC)	voltage (mV)	crossing#mod 255
2522.218028	15.115602	0.002130	7.097318	106
2523.228080	16.685747	0.002123	7.860069	107
2524.295843	14.120303	0.002116	6.671605	108
2525.298185	16.715038	0.002120	7.884565	109
2526.384605	13.257942	0.002118	6.258912	110
2527.364600	16.766539	0.002122	7.900502	111
2528.472645	13.388002	0.002128	6.290808	112
2529.435076	17.226807	0.002120	8.125833	113
2530.555055	13.622778	0.002125	6.410174	114
2531.509056	17.679667	0.002136	8.275104	115
2532.631096	14.442549	0.002135	6.766064	116
2533.587125	17.992077	0.002123	8.476781	117
2534.708062	14.751904	0.002131	6.922228	118
2535.668127	18.018106	0.002121	8.493902	119
2536.780212	15.028437	0.002134	7.042939	120
2537.750680	17.647585	0.002127	8.297293	121
2538.854687	15.188991	0.002126	7.144799	122
2539.828658	17.889311	0.002134	8.384462	123
2540.928614	15.314927	0.002122	7.216162	124
2541.908705	17.664507	0.002124	8.316094	125
2543.010765	15.030470	0.002114	7.111410	126
2543.987260	17.801281	0.002121	8.391409	127
2545.084185	15.325901	0.002137	7.170104	128
2546.062238	17.597145	0.002114	8.325335	129
2547.162844	15.138910	0.002125	7.124093	130
2548.137352	18.269852	0.002158	8.464548	131
2549.245332	15.062856	0.002148	7.013801	132
2550.211453	17.914644	0.002121	8.447777	133
2551.323987	14.823111	0.002119	6.994298	134
2552.286049	17.933039	0.002112	8.489872	135
2553.406074	14.485999	0.002111	6.862090	136
2554.360098	17.804075	0.002128	8.365989	137
2555.482705	14.351553	0.002133	6.728015	138
2556.438731	17.136156	0.002122	8.073994	139
2557.556696	13.935344	0.002120	6.574166	140
2558.519097	17.111877	0.002136	8.012602	141
2559.631068	25.394623	0.002110	12.037948	142
2560.603662	16.382458	0.002131	7.687706	143
2561.696430	13.715359	0.002115	6.486304	144
2562.692585	16.011711	0.002118	7.559818	145
2563.766648	14.513403	0.002125	6.829171	146
2564.775081	16.165236	0.002120	7.626559	147
2565.841121	15.160167	0.002136	7.098866	148
2566.851137	16.873842	0.002129	7.924853	149
2567.923255	15.332531	0.002112	7.258220	150
2568.923597	17.287590	0.002118	8.162010	151
2570.007923	15.228681	0.002110	7.216870	152
2570.992906	17.620512	0.002080	8.472878	153
2572.087487	15.364176	0.002114	7.266829	154
2573.067991	17.848152	0.002118	8.427938	155
2574.170088	15.591583	0.002120	7.355179	156
2575.140069	17.875006	0.002123	8.418179	157
2576.250521	14.920827	0.002115	7.053973	158
2577.216573	17.553730	0.002119	8.283711	159
2578.328605	14.955676	0.002131	7.017175	160
2579.293562	17.231474	0.002110	8.167057	161
2580.408012	14.804930	0.002130	6.951071	162
2581.368015	17.723236	0.002144	8.267922	163
2582.480477	15.208969	0.002115	7.192064	164
2583.443828	17.284752	0.002126	8.129275	165
2584.562806	14.877810	0.002136	6.963933	166
2585.520350	17.683603	0.002110	8.379132	167
2586.638836	15.115478	0.002125	7.112562	168
2587.600858	17.738682	0.002137	8.301762	169
2588.714888	15.176699	0.002130	7.125294	170
2589.681435	17.342176	0.002107	8.229239	171
2590.790021	15.283246	0.002115	7.226220	172
2591.764577	17.161837	0.002109	8.138018	173
2592.860580	15.638087	0.002122	7.367815	174
2593.844624	17.547079	0.002134	8.223927	175
2594.932647	16.132725	0.002114	7.631675	176
2595.930722	17.261131	0.002115	8.160685	177
2597.002740	15.971560	0.002133	7.487164	178
2598.012736	16.267151	0.002114	7.693847	179
2599.078750	15.388083	0.002118	7.264555	180
2600.088792	16.274673	0.002134	7.627769	181
2601.156819	14.756578	0.002119	6.962496	182
2602.165420	15.551008	0.002123	7.324831	183
2603.239458	14.282580	0.002125	6.722100	184
2604.231508	16.284288	0.002139	7.611787	185
2605.326117	13.769408	0.002125	6.479144	186
2606.303119	15.965589	0.002109	7.571879	187
2607.409163	13.793221	0.002122	6.499727	188
2608.375178	17.037323	0.002131	7.995543	189
2609.489264	14.524537	0.002173	6.684471	190
2610.452109	16.496727	0.002112	7.811106	191
2611.569367	14.201286	0.002117	6.709082	192
2612.525986	17.271904	0.002124	8.132113	193
2613.645981	14.633663	0.002117	6.913637	194
2614.604014	17.341274	0.002134	8.127943	195
2615.720622	14.940136	0.002141	6.977562	196
2616.682643	17.143358	0.002116	8.103374	197
2617.800649	14.683458	0.002107	6.969554	198
2618.759568	17.583239	0.002133	8.243407	199
2619.875603	38.913704	0.002118	18.369759	200
2620.837660	17.285723	0.002123	8.141983	201
2621.953694	14.902279	0.002109	7.066255	202
2622.914250	17.200684	0.002122	8.105041	203
2624.030311	14.905735	0.002123	7.019897	204
2624.989256	17.607536	0.002129	8.271053	205
2626.109314	14.639026	0.002126	6.884750	206
2627.069302	17.218981	0.002112	8.151206	207
2628.183720	14.675557	0.002137	6.867867	208
2629.144208	16.958971	0.002120	8.000165	209
2630.262398	13.975349	0.002114	6.609815	210
2631.224997	16.373188	0.002125	7.703347	211
2632.333130	14.503153	0.002129	6.813352	212
2633.307021	16.012487	0.002122	7.546322	213
2634.404110	14.339687	0.002123	6.753824	214
2635.392589	15.689796	0.002135	7.347997	215
2636.476593	14.311214	0.002116	6.763535	216
2637.476682	15.780545	0.002115	7.462040	217
2638.546730	15.092864	0.002138	7.058533	218
2639.556743	15.910087	0.002128	7.476269	219
2640.622801	15.460279	0.002117	7.302978	220
2641.634786	16.199894	0.002131	7.602921	221
2642.702870	15.742842	0.002114	7.447739	222
2643.708838	16.580698	0.002122	7.813814	223
2644.782854	16.043289	0.002106	7.617887	224
2645.780658	16.873972	0.002119	7.962597	225
2646.864896	15.825148	0.002116	7.480246	226
2647.855015	17.175058	0.002140	8.024039	227
2648.945005	16.062500	0.002140	7.507463	228
2649.929058	17.159996	0.002119	8.097196	229
2651.027022	15.675125	0.002116	7.408838	230
2652.004940	16.954046	0.002112	8.025859	231
2653.103516	15.953582	0.002135	7.473645	232
2654.079577	17.838511	0.002118	8.421130	233
2655.181641	15.722355	0.002119	7.418855	234
2656.157668	17.033468	0.002121	8.031782	235
2657.257893	15.849396	0.002121	7.473643	236
2658.234037	17.954647	0.002125	8.449832	237
2659.338195	15.492506	0.002109	7.346248	238
2660.314155	17.092627	0.002118	8.068814	239
2661.412252	15.586888	0.002108	7.393923	240
2662.394855	16.996559	0.002134	7.963695	241
2663.482912	16.020214	0.002116	7.570485	242
2664.477040	16.627489	0.002136	7.785046	243
2665.557081	16.217083	0.002135	7.595603	244
2666.559158	16.458683	0.002140	7.690151	245
2667.629573	16.103970	0.002126	7.573652	246
2668.638989	15.814769	0.002109	7.500319	247
2669.706690	15.585739	0.002112	7.379727	248
2670.715241	15.886979	0.002142	7.415290	249
2671.785778	15.011062	0.002117	7.089564	250
2672.792325	15.212934	0.002129	7.146528	251
2673.862908	14.928826	0.002129	7.012743	252
2674.861718	15.412627	0.002127	7.246824	253
2675.945910	14.905995	0.002182	6.830772	254
2676.933890	15.518731	0.002137	7.260829	255
2678.031890	13.913858	0.002116	6.574696	0
2679.003616	16.219385	0.002158	7.515756	1
2680.112407	14.203619	0.002117	6.708385	2
2681.080419	15.913640	0.002125	7.489915	3
2682.192482	14.288012	0.002120	6.738795	4
2683.154960	16.018204	0.002123	7.543880	5
2684.272988	14.194745	0.002134	6.652127	6
2685.228984	16.625715	0.002130	7.807118	7
2686.349015	14.671354	0.002133	6.876767	8
2687.307055	16.624289	0.002144	7.755294	9
2688.427585	15.002131	0.002117	7.085138	10
2689.385603	16.283682	0.002116	7.695149	11
2690.506092	14.750926	0.002120	6.957445	12
2691.464167	16.062883	0.002112	7.604630	13
2692.580734	14.592320	0.002124	6.869198	14
2693.538763	16.920456	0.002127	7.955588	15
2694.660783	14.292251	0.002112	6.768605	16
2695.618836	15.777056	0.002111	7.474704	17
2696.733445	14.585303	0.002129	6.851517	18
2697.695901	15.950082	0.002135	7.471787	19
2698.811908	14.185352	0.002121	6.688616	20
2699.776499	15.752101	0.002113	7.455901	21
2700.882539	14.501538	0.002129	6.812764	22
2701.858613	14.925636	0.002108	7.080990	23
2702.957211	14.190517	0.002122	6.688368	24
2703.939260	15.644742	0.002130	7.346472	25
2705.025296	14.581182	0.002143	6.804625	26
2706.025353	14.565550	0.002116	6.883389	27
2707.097912	15.140148	0.002137	7.083406	28
2708.105971	15.012717	0.002120	7.080240	29
2709.170842	15.819538	0.002151	7.355849	30
2710.185516	15.307206	0.002114	7.242039	31
2711.249611	15.976732	0.002139	7.468428	32
2712.265584	14.861506	0.002110	7.043990	33
2713.328528	16.150063	0.002122	7.609316	34
2714.336567	29.492411	0.002112	13.963842	35
2715.408590	16.090078	0.002117	7.599522	36
2716.410652	16.681973	0.002144	7.779983	37
2717.488677	16.365448	0.002134	7.669676	38
2718.485271	16.464056	0.002119	7.770983	39
2719.569809	16.030746	0.002111	7.593844	40
2720.561826	16.336401	0.002121	7.703899	41
2721.643697	16.702948	0.002125	7.860624	42
2722.637954	16.438759	0.002120	7.755312	43
2723.724015	16.013153	0.002138	7.489922	44
2724.714076	16.471252	0.002114	7.792340	45
2725.804162	16.066214	0.002130	7.541092	46
2726.792670	16.278627	0.002121	7.674088	47
2727.879616	16.448362	0.002121	7.756795	48
2728.870185	16.394348	0.002125	7.715007	49
2729.950916	16.533152	0.002119	7.802487	50
2730.951061	16.185171	0.002134	7.582670	51
2732.027043	16.377235	0.002123	7.715674	52
2733.030007	16.136429	0.002137	7.552528	53
2734.102032	16.504358	0.002139	7.715518	54
2735.110622	15.696320	0.002134	7.355509	55
2736.177227	16.229229	0.002136	7.599115	56
2737.189791	15.252856	0.002123	7.185654	57
2738.253860	15.909081	0.002134	7.455428	58
2739.263860	15.278450	0.002138	7.147075	59
2740.331650	15.438603	0.002113	7.305491	60
2741.337761	14.559497	0.002118	6.874453	61
2742.413587	14.859589	0.002117	7.019581	62
2743.412131	14.837577	0.002127	6.976414	63
2744.498234	14.307643	0.002116	6.762441	64
2745.484809	14.806789	0.002131	6.949659	65
2746.580846	21.725115	0.002107	10.310988	66
2747.555331	15.203032	0.002119	7.173954	67
2748.657086	14.817095	0.002152	6.885047	68
2749.631455	15.105541	0.002120	7.125238	69
2750.741515	32.722397	0.002111	15.501998	70
2751.707534	15.108539	0.002118	7.133033	71
2752.821574	14.010199	0.002115	6.625019	72
2753.782044	15.466929	0.002126	7.276601	73
2754.898115	14.403584	0.002112	6.820100	74
2755.858144	15.709236	0.002135	7.357894	75
2756.975037	14.482505	0.002112	6.857326	76
2757.938177	15.067422	0.002115	7.125696	77
2759.050220	14.872935	0.002120	7.014873	78
2760.014251	15.385672	0.002130	7.222713	79
2761.126236	14.834553	0.002132	6.958060	80
2762.092331	15.172582	0.002127	7.133600	81
2763.202405	14.898372	0.002134	6.981406	82
2764.170411	15.140787	0.002134	7.096180	83
2765.280472	14.293326	0.002128	6.716737	84
2766.248489	15.185873	0.002133	7.119322	85
2767.353074	14.661246	0.002145	6.835344	86
2768.331031	14.580781	0.002124	6.864625	87
2769.424568	14.571254	0.002115	6.890268	88
2770.413056	14.208838	0.002115	6.717346	89
2771.501142	14.365151	0.002129	6.747875	90
2772.493192	14.525920	0.002138	6.793501	91
2773.571204	15.241385	0.002126	7.167772	92
2774.575244	14.422132	0.002124	6.789055	93
2775.647783	15.309070	0.002139	7.158638	94
2776.654780	14.621079	0.002125	6.882047	95
2777.721370	15.986290	0.002139	7.474196	96
2778.733352	14.972256	0.002119	7.065824	97
2779.798365	16.387491	0.002147	7.633181	98
2780.810347	15.019339	0.002125	7.066528	99
2781.878927	16.089617	0.002119	7.592121	100
2782.885526	15.388993	0.002124	7.245917	101
2783.955501	16.579386	0.002126	7.799775	102
2784.960099	15.817775	0.002141	7.386930	103
2786.034160	16.820578	0.002157	7.798565	104
2787.036220	15.703136	0.002122	7.399204	105
2788.114201	16.306612	0.002118	7.699408	106
2789.112155	15.892701	0.002122	7.489807	107
2790.192227	16.275894	0.002113	7.701565	108
2791.188792	16.082613	0.002137	7.524126	109
2792.268812	16.465691	0.002121	7.763993	110
2793.267337	15.822493	0.002129	7.431579	111
2794.344319	16.483282	0.002123	7.762362	112
2795.346448	15.739207	0.002129	7.394000	113
2796.422492	16.623507	0.002119	7.843193	114
2797.425042	15.433143	0.002136	7.224440	115
2798.495096	16.574339	0.002136	7.761095	116
2799.503074	15.315132	0.002129	7.194238	117
2800.571100	16.431440	0.002136	7.691372	118
2801.585078	14.280408	0.002124	6.722845	119
2802.647631	16.208961	0.002119	7.648691	120
2803.659669	14.624807	0.002127	6.876286	121
2804.728172	15.286774	0.002112	7.238867	122
2805.736725	13.983546	0.002111	6.623825	123
2806.807298	15.011320	0.002118	7.086393	124
2807.809928	14.019341	0.002124	6.599694	125
2808.888012	14.867707	0.002132	6.973349	126
2809.884046	14.396871	0.002122	6.784976	127
2810.970527	14.249939	0.002116	6.735845	128
2811.955055	14.336970	0.002131	6.728643	129
2813.049111	14.394228	0.002119	6.793235	130
2814.031122	13.972264	0.002129	6.564222	131
