time (s)	coil I (A)	last det (V)	int current (uC)
403581.996732	0.352439	-634.472656	50.195312
403581.998733	0.367893	-634.472656	50.195312
403582.000733	0.366580	4.032384	0.569193
403582.980768	0.370021	-149.804687	-160.839844
403582.982769	0.368796	4.056755	0.657410
403584.062824	0.369367	-631.933594	53.613281
403584.064825	0.368234	4.050578	0.543497
403585.044840	0.368894	-156.250000	-107.910156
403585.046842	0.368584	4.054425	0.561695
403586.124893	0.307509	-623.046875	52.734375
403586.126905	0.368823	-623.046875	52.734375
403586.128910	0.367422	4.041645	0.658147
403587.140930	0.327469	-154.199219	-127.929687
403587.142932	0.368420	-154.199219	-127.929687
403587.144932	0.367165	4.038818	0.575053
403588.188988	0.273438	-625.097656	55.468750
403588.190989	0.368633	-625.097656	55.468750
403588.192990	0.367267	4.039935	0.629006
403589.239023	2.068484	-156.933594	-130.566406
403589.241023	0.367708	4.044791	0.492559
403590.255024	0.368607	-618.847656	51.367187
403590.257026	0.367795	4.045749	0.670027
403591.337636	0.368013	-157.519531	-184.179687
403591.339636	0.366791	4.034706	0.494304
403592.319644	0.369755	-618.554687	47.167969
403592.323643	0.367735	4.045084	0.746178
403593.399705	0.335293	-176.953125	-135.742187
403593.401706	0.368445	-176.953125	-135.742187
403593.403708	0.367222	4.039439	0.562103
403594.387694	0.366702	-607.031250	37.695312
403594.389696	0.365958	4.025534	0.670655
403595.497699	0.367405	-163.476562	-246.875000
403595.499701	0.367901	4.046909	0.492489
403596.479760	0.323391	-612.207031	32.226562
403596.481761	0.368387	-612.207031	32.226562
403596.483762	0.367031	4.037338	0.569468
403597.562244	0.368143	-171.679687	-241.894531
403597.564244	0.367604	4.043648	0.598096
403598.579213	0.368343	-616.796875	28.808594
403598.581216	0.367229	4.039518	0.525952
403599.625257	0.300845	-164.843750	-281.933594
403599.627259	0.368619	-164.843750	-281.933594
403599.629259	0.367251	4.039766	0.571066
403600.641314	0.326155	-601.464844	22.265625
403600.643316	0.368474	-601.464844	22.265625
403600.645316	0.367241	4.039651	0.566187
403601.691882	0.368629	-167.871094	-265.527344
403601.693882	0.367322	-167.871094	-265.527344
403601.695884	0.366457	4.031028	0.642017
403602.739894	0.369261	-618.164062	26.367187
403602.741896	0.367936	4.047299	0.648538
403603.753958	0.295103	-167.578125	-249.609375
403603.755960	0.368390	-167.578125	-249.609375
403603.757959	0.366999	4.036984	0.651304
403604.836504	0.367246	-632.324219	31.933594
403604.838506	0.368782	4.056605	0.496513
403605.818539	0.313818	-162.597656	-249.902344
403605.820541	0.368119	-162.597656	-249.902344
403605.822541	0.366752	4.034272	0.681098
403606.900588	0.359135	-618.554687	31.054687
403606.902589	0.367559	-618.554687	31.054687
403606.904589	0.366372	4.030088	0.571916
403607.916630	0.366542	-144.628906	-312.011719
403607.918632	0.369105	4.060150	0.549479
403608.996676	0.273921	-637.695312	38.574219
403608.998677	0.368656	-637.695312	38.574219
403609.000678	0.367184	4.039022	0.526053
403609.981165	1.740292	-150.781250	-269.238281
403609.983165	0.368126	4.049391	0.616914
403611.061092	0.278328	-633.398437	38.867187
403611.063096	0.368500	-633.398437	38.867187
403611.065094	0.367131	4.038446	0.575218
403612.045148	0.359018	-154.980469	-236.816406
403612.047150	0.367515	-154.980469	-236.816406
403612.049150	0.366407	4.030478	0.644881
403613.159200	2.017834	-638.378906	41.406250
403613.161200	0.367734	-638.378906	41.406250
403613.163201	0.366469	4.031161	0.504483
403614.141249	0.271933	-143.750000	-291.210937
403614.143249	0.368314	-143.750000	-291.210937
403614.145249	0.366943	4.036372	0.567081
403615.223698	0.360639	-630.468750	39.160156
403615.225701	0.367620	-630.468750	39.160156
403615.227701	0.366475	4.031223	0.551500
403616.205722	0.283756	-153.027344	-247.949219
403616.207725	0.368524	-153.027344	-247.949219
403616.209726	0.367112	4.038233	0.623667
403617.287718	0.343808	-633.789062	38.867187
403617.289719	0.368107	-633.789062	38.867187
403617.291720	0.366785	4.034635	0.604507
403618.270232	0.298906	-159.765625	-229.394531
403618.272234	0.368661	-159.765625	-229.394531
403618.276233	0.366353	4.029885	0.716678
403619.386317	0.368600	-637.109375	38.085937
403619.388315	0.367150	4.038650	0.789294
403620.368853	0.369535	-154.199219	-271.289062
403620.370855	0.368769	4.056463	0.627915
403621.450879	1.308025	-636.621094	36.328125
403621.452881	0.367139	4.038534	0.544186
403622.434901	0.368881	-160.937500	-260.742187
403622.436903	0.367963	4.047592	0.688398
403623.514876	0.368553	-631.054687	32.421875
403623.516877	0.367214	4.039359	0.709477
403624.530853	0.369043	-161.621094	-276.269531
403624.532854	0.367689	4.044579	0.623824
403625.581440	0.367185	-614.550781	26.464844
403625.583440	0.367013	4.037143	0.597466
403626.628068	0.368426	-156.835937	-313.671875
403626.630070	0.367045	-156.835937	-313.671875
403626.632070	0.366134	4.027474	0.553638
403627.674609	0.295867	-626.269531	29.589844
403627.676610	0.368516	-626.269531	29.589844
403627.678609	0.367104	4.038145	0.503502
403628.691167	0.354506	-163.964844	-291.503906
403628.693168	0.368078	-163.964844	-291.503906
403628.695170	0.366854	4.035397	0.675941
403629.741151	0.368828	-622.656250	29.687500
403629.743153	0.367534	4.042877	0.509758
403630.789186	0.368888	-163.671875	-290.527344
403630.791187	0.367726	4.044986	0.637732
403631.805267	0.368546	-617.871094	31.542969
403631.807269	0.367119	4.038313	0.568866
403632.855344	0.368905	-179.785156	-205.566406
403632.857346	0.367983	4.047813	0.654186
403633.867431	0.253033	-621.484375	38.671875
403633.869434	0.368987	-621.484375	38.671875
403633.871433	0.367830	4.046129	0.611520
403634.949493	0.333029	-159.472656	-262.207031
403634.951492	0.368578	-159.472656	-262.207031
403634.953493	0.367353	4.040883	0.575683
403635.931929	0.269670	-622.460937	45.117187
403635.933933	0.368619	-622.460937	45.117187
403635.935933	0.367156	4.038721	0.706765
403637.014378	0.360726	-162.304687	-214.550781
403637.016380	0.368573	-162.304687	-214.550781
403637.018380	0.367513	4.042646	0.609903
403638.030433	0.365508	-625.781250	52.148437
403638.032436	0.367520	4.042717	0.640476
403639.111048	0.334546	-148.925781	-244.726562
403639.113049	0.368670	-148.925781	-244.726562
403639.115049	0.367352	4.040874	0.474884
403640.095123	0.368389	-626.074219	56.054687
403640.097125	0.367793	4.045722	0.724963
403641.175527	0.340376	-143.847656	-248.339844
403641.177530	0.368279	-143.847656	-248.339844
403641.179529	0.368234	4.050570	0.480908
403642.194009	0.367513	-627.636719	58.984375
403642.196006	0.366294	4.029229	0.657155
403643.242643	0.367994	-148.242187	-200.195312
403643.244645	0.366960	4.036558	0.512354
403644.291275	0.369118	-628.808594	60.351562
403644.293275	0.368078	4.048859	0.561322
403645.303791	0.294674	-144.921875	-206.152344
403645.305795	0.368164	-144.921875	-206.152344
403645.307793	0.366669	4.033359	0.545006
403646.355799	0.368642	-629.003906	59.082031
403646.357802	0.368557	4.054132	0.662700
403647.401768	0.357273	-134.277344	-269.726562
403647.403769	0.367794	-134.277344	-269.726562
403647.405768	0.366697	4.033669	0.428162
403648.449792	0.322528	-631.152344	59.472656
403648.451792	0.368489	-631.152344	59.472656
403648.453794	0.367103	4.038136	0.568331
403649.465853	0.341285	-141.699219	-230.957031
403649.467854	0.367732	-141.699219	-230.957031
403649.469855	0.366397	4.030363	0.487584
403650.514407	0.339890	-630.566406	57.324219
403650.516416	0.368053	-630.566406	57.324219
403650.522427	0.365277	4.018045	0.672905
403651.530445	0.353540	-146.777344	-202.734375
403651.532448	0.368144	-146.777344	-202.734375
403651.534449	0.366998	4.036974	0.560284
403652.610993	0.286655	-632.226562	58.886719
403652.612995	0.368445	-632.226562	58.886719
403652.614997	0.366994	4.036930	0.548785
403653.597055	0.367264	-145.800781	-208.398437
403653.599056	0.366177	4.027944	0.599511
403654.677060	0.368513	-631.250000	58.886719
403654.679062	0.367345	4.040794	0.614792
403655.691611	0.329856	-137.988281	-253.320312
403655.693613	0.368090	-137.988281	-253.320312
403655.695613	0.366783	4.034617	0.515955
403656.740084	0.321822	-630.761719	59.472656
403656.742087	0.368684	-630.761719	59.472656
403656.744086	0.367417	4.041583	0.655006
403657.756095	0.337508	-156.152344	-153.320312
403657.758097	0.368009	-156.152344	-153.320312
403657.760096	0.366709	4.033802	0.579030
403658.806122	0.368640	-627.246094	60.156250
403658.808123	0.367196	4.039155	0.723243
403659.852607	0.272257	-145.703125	-217.871094
403659.854610	0.368586	-145.703125	-217.871094
403659.856609	0.367186	4.039048	0.511439
403660.902639	0.367256	-624.023437	61.816406
403660.904642	0.367753	4.045288	0.570726
403661.950668	0.353536	-139.062500	-273.730469
403661.952669	0.368151	-139.062500	-273.730469
403661.954668	0.366907	4.035974	0.444545
403662.968762	0.368967	-626.367187	60.058594
403662.970765	0.367973	4.047698	0.594566
403664.015335	0.363133	-158.496094	-191.503906
403664.017335	0.367799	-158.496094	-191.503906
403664.019337	0.366779	4.034573	0.560511
403665.030284	0.311463	-626.660156	56.445312
403665.032286	0.368031	-626.660156	56.445312
403665.034284	0.366709	4.033802	0.646844
403666.112352	0.359628	-155.175781	-243.066406
403666.116356	0.366812	-155.175781	-243.066406
403666.118358	0.366002	4.026021	0.496869
403667.098394	0.368315	-626.562500	51.074219
403667.100396	0.367402	4.041423	0.851405
403668.178387	0.367927	-156.347656	-269.531250
403668.180389	0.366677	4.033447	0.570893
403669.192857	1.697623	-626.171875	45.800781
403669.194860	0.367770	4.045465	0.538995
403670.276868	0.367831	-146.484375	-343.750000
403670.278870	0.366935	4.036283	0.487890
403671.259306	0.369833	-625.878906	39.843750
403671.263304	0.368160	4.049763	0.597699
403672.341354	0.367126	-155.859375	-316.992187
403672.345353	0.365552	4.021067	0.777684
403673.353898	0.352280	-626.953125	34.765625
403673.355897	0.368445	-626.953125	34.765625
403673.357898	0.367201	4.039208	0.512906
403674.403895	0.369627	-151.757812	-347.460937
403674.405897	0.368371	4.052085	0.596594
403675.417942	0.329679	-626.367187	31.835937
403675.419944	0.368171	-626.367187	31.835937
403675.421943	0.366986	4.036850	0.602582
403676.465962	0.271294	-159.765625	-316.210937
403676.467964	0.368618	-159.765625	-316.210937
403676.469964	0.367353	4.040883	0.641687
403677.516025	0.367654	-634.375000	33.007812
403677.518025	0.367958	4.047539	0.517938
403678.534059	0.366965	-165.429687	-292.578125
403678.536061	0.365974	4.025711	0.690885
403679.581018	0.369220	-629.296875	30.957031
403679.583020	0.367840	4.046236	0.622917
403680.629629	0.368357	-145.898437	-364.843750
403680.631628	0.366881	4.035690	0.750249
403681.678221	0.369189	-638.378906	34.960937
403681.680223	0.367839	4.046227	0.551455
403682.692771	0.351830	-144.824219	-361.230469
403682.694774	0.368077	-144.824219	-361.230469
403682.696772	0.366955	4.036505	0.591108
403683.774776	0.367762	-642.382812	39.648437
403683.776779	0.367649	4.044136	0.467382
403684.758875	0.368133	-145.703125	-349.218750
403684.760877	0.366874	4.035619	0.648819
403685.838900	0.365079	-643.554687	39.160156
403685.840903	0.367778	4.045562	0.523370
403686.820957	0.306174	-155.859375	-300.195312
403686.822958	0.368217	-155.859375	-300.195312
403686.824959	0.366858	4.035433	0.712352
403687.902974	0.355677	-637.402344	37.207031
403687.904976	0.368049	-637.402344	37.207031
403687.906976	0.366862	4.035477	0.586742
403688.919049	0.364117	-138.964844	-371.386719
403688.921050	0.367996	4.047955	0.577925
403690.001059	0.369719	-643.847656	40.039062
403690.003062	0.368441	4.052847	0.585472
403690.983117	0.353871	-153.613281	-309.082031
403690.985118	0.368529	-153.613281	-309.082031
403690.987119	0.367431	4.041743	0.659588
403692.065185	0.368842	-641.308594	37.890625
403692.067187	0.368142	4.049559	0.560303
403693.079709	0.313097	-140.136719	-374.218750
403693.081711	0.368298	-140.136719	-374.218750
403693.083711	0.366931	4.036239	0.547934
403694.129817	0.368856	-641.406250	37.402344
403694.131820	0.367583	4.043417	0.668105
403695.147878	0.367776	-153.808594	-324.804687
403695.149880	0.366848	4.035326	0.849146
403696.226355	0.365895	-641.113281	38.281250
403696.228357	0.368787	4.056658	0.477630
403697.242365	0.368081	-145.507812	-366.699219
403697.244366	0.368319	4.051509	0.531529
403698.290907	0.367798	-639.257812	35.449219
403698.292910	0.368524	4.053760	0.527842
403699.306931	0.368730	-160.351562	-314.160156
403699.308935	0.367880	4.046679	0.653968
403700.355488	0.369368	-633.007812	33.203125
403700.359488	0.367829	4.046121	0.563109
403701.405532	0.369291	-152.441406	-350.683594
403701.407534	0.368229	4.050517	0.542070
403702.420127	0.369176	-633.007812	34.179687
403702.422130	0.367887	4.046759	0.703397
403703.470048	0.368110	-159.375000	-321.679687
403703.472051	0.367017	4.037188	0.663305
403704.516065	0.340329	-628.808594	37.304687
403704.518066	0.368195	-628.808594	37.304687
403704.520066	0.366938	4.036319	0.450246
403705.564106	0.291628	-151.953125	-345.507812
403705.566109	0.368508	-151.953125	-345.507812
403705.568107	0.367141	4.038552	0.562493
403706.584135	0.367336	-628.808594	40.429687
403706.586138	0.366357	4.029929	0.514691
403707.628624	0.303977	-164.062500	-276.562500
403707.630627	0.368233	-164.062500	-276.562500
403707.632627	0.366842	4.035264	0.653823
403708.646651	0.368118	-628.808594	45.312500
403708.648655	0.367968	4.047645	0.583044
403709.727207	0.369631	-147.753906	-328.808594
403709.729210	0.368895	4.057846	0.521815
403710.711638	0.368342	-628.027344	51.562500
403710.713640	0.367220	4.039421	0.674201
403711.791691	0.369574	-148.730469	-298.242187
403711.793693	0.368520	4.053724	0.626312
403712.807686	0.368976	-624.511719	57.617187
403712.811688	0.366748	4.034227	0.575178
403713.890243	0.368044	-136.132812	-339.550781
403713.892245	0.366939	4.036328	0.426162
403714.872276	0.368428	-624.023437	61.230469
403714.874277	0.368332	4.051651	0.694874
403715.954315	0.368152	-141.503906	-285.058594
403715.956315	0.366916	4.036079	0.452974
403716.968931	0.368643	-615.039062	64.257812
403716.970935	0.367828	4.046103	0.586849
403718.018953	0.369491	-139.550781	-283.886719
403718.020955	0.368613	-139.550781	-283.886719
403718.022955	0.367835	4.046183	0.497575
403719.033006	0.366583	-625.488281	64.648437
403719.035008	0.367654	4.044188	0.685644
403720.081009	0.348871	-143.847656	-250.878906
403720.083013	0.367902	-143.847656	-250.878906
403720.085013	0.366611	4.032721	0.534202
403721.129025	0.303614	-620.410156	65.429687
403721.131029	0.368573	-620.410156	65.429687
403721.133029	0.367261	4.039873	0.585213
403722.179086	0.369118	-128.515625	-337.402344
403722.181088	0.368110	4.049213	0.429120
403723.195128	0.368614	-626.757812	64.746094
403723.197126	0.367222	4.039439	0.694197
403724.245715	0.366847	-134.277344	-299.902344
403724.247715	0.365937	4.025303	0.621550
403725.290234	0.264200	-620.800781	64.941406
403725.292235	0.369291	-620.800781	64.941406
403725.294236	0.367938	4.047317	0.565650
403726.308324	0.368723	-135.546875	-298.144531
403726.310326	0.367380	4.041175	0.546100
403727.356339	0.369354	-624.023437	65.039062
403727.358341	0.368760	4.056356	0.623335
403728.406348	0.368152	-130.371094	-327.050781
403728.408352	0.367119	-130.371094	-327.050781
403728.410352	0.366293	4.029220	0.413223
403729.420385	0.366310	-625.683594	65.234375
403729.422387	0.368616	4.054779	0.699753
403730.468435	0.347352	-137.792969	-289.062500
403730.470436	0.368117	-137.792969	-289.062500
403730.472436	0.366835	4.035185	0.506222
403731.516505	0.305909	-614.941406	65.234375
403731.518507	0.368499	-614.941406	65.234375
403731.520506	0.367103	4.038136	0.556694
403732.566540	0.369942	-130.078125	-339.843750
403732.568542	0.369107	4.060176	0.434510
403733.580565	0.268446	-623.730469	64.843750
403733.582568	0.368723	-623.730469	64.843750
403733.586565	0.366315	4.029459	0.635329
403734.631588	0.368343	-143.945312	-273.828125
403734.633592	0.366977	4.036745	0.513303
403735.646144	0.364606	-621.289062	63.769531
403735.648146	0.370186	-621.289062	63.769531
403735.650148	0.369205	4.061257	0.657650
403736.728195	0.368948	-139.746094	-314.355469
403736.730196	0.367670	4.044375	0.436747
403737.710831	0.367527	-626.757812	60.546875
403737.712835	0.368035	4.048389	0.720891
403738.790851	0.289193	-144.433594	-309.667969
403738.792853	0.368368	-144.433594	-309.667969
403738.794853	0.366990	4.036895	0.542645
403739.806823	0.307604	-624.804687	57.031250
403739.808825	0.368275	-624.804687	57.031250
403739.810826	0.366943	4.036372	0.550805
403740.888864	0.356806	-141.796875	-346.972656
403740.890866	0.367801	-141.796875	-346.972656
403740.894864	0.365862	4.024479	0.442386
403741.872868	0.368267	-623.828125	52.441406
403741.874870	0.366892	4.035814	0.618050
403742.952859	0.334662	-144.531250	-350.976562
403742.954860	0.368420	-144.531250	-350.976562
403742.956861	0.367194	4.039137	0.534654
403743.935282	0.270155	-629.980469	45.605469
403743.937284	0.368155	-629.980469	45.605469
403743.939284	0.366671	4.033386	0.679609
403745.017381	0.344617	-157.910156	-311.621094
403745.019383	0.368454	-157.910156	-311.621094
403745.021381	0.367290	4.040192	0.618574
403746.035438	0.370009	-630.761719	41.601562
403746.037444	0.368986	4.058847	0.558936
403747.114006	0.298138	-141.699219	-390.039062
403747.116009	0.369149	-141.699219	-390.039062
403747.118008	0.367916	4.047078	0.459260
403748.132054	0.369781	-629.589844	39.746094
403748.134055	0.368528	4.053813	0.450042
403749.180581	0.367813	-145.507812	-378.222656
403749.182582	0.366457	-145.507812	-378.222656
403749.184584	0.365595	4.021545	0.517876
403750.194657	0.339732	-635.449219	37.695312
403750.196658	0.367986	-635.449219	37.695312
403750.198659	0.366755	4.034307	0.548422
403751.244693	0.369593	-145.703125	-379.882812
403751.246694	0.368364	4.052005	0.774401
403752.292714	0.368860	-636.328125	38.378906
403752.294713	0.368593	4.054522	0.448743
403753.306724	0.243779	-157.128906	-336.718750
403753.308726	0.369167	-157.128906	-336.718750
403753.310726	0.367925	4.047175	0.644284
403754.356740	0.363823	-641.210937	36.621094
403754.358741	0.368155	4.049710	0.564918
403755.371692	0.313965	-151.171875	-358.007812
403755.373695	0.368252	-151.171875	-358.007812
403755.375694	0.366893	4.035822	0.700301
403756.455685	0.369265	-637.695312	40.039062
403756.459686	0.367393	4.041326	0.456936
403757.470199	0.368723	-140.917969	-396.582031
403757.474199	0.366646	4.033111	0.524323
403758.518267	0.364123	-644.335937	39.160156
403758.520270	0.368095	4.049045	0.522254
403759.536741	0.367537	-149.609375	-356.054687
403759.538747	0.366587	4.032455	0.591412
403760.617347	0.367999	-639.648437	41.601562
403760.621346	0.366816	-639.648437	41.601562
403760.623347	0.365390	4.019285	0.429087
403761.599378	0.368260	-156.738281	-325.878906
403761.601378	0.366827	4.035096	0.869810
403762.679417	0.349308	-644.726562	40.527344
403762.681419	0.367673	-644.726562	40.527344
403762.683420	0.366500	4.031498	0.507877
403763.695394	0.357306	-143.554687	-380.468750
403763.697396	0.367965	-143.554687	-380.468750
403763.699397	0.366809	4.034901	0.524346
403764.746393	0.368560	-645.312500	38.769531
403764.748395	0.367542	4.042965	0.565421
403765.760949	0.368674	-142.578125	-384.863281
403765.762955	0.367292	4.040210	0.633824
403766.842922	0.368208	-637.207031	41.308594
403766.844925	0.367044	-637.207031	41.308594
403766.846924	0.366191	4.028104	0.436261
403767.856935	0.356886	-142.382812	-389.160156
403767.858936	0.367549	-142.382812	-389.160156
403767.860937	0.366385	4.030231	0.502982
403768.905904	0.367588	-643.457031	38.476562
403768.907906	0.368908	4.057987	0.489864
403769.922515	0.369999	-152.539062	-356.542969
403769.926515	0.367922	4.047140	0.852016
403770.969511	0.336138	-642.382812	37.402344
403770.971514	0.367840	-642.382812	37.402344
403770.973511	0.366545	4.031994	0.557256
403772.017548	0.283477	-137.695312	-414.843750
403772.019552	0.368788	-137.695312	-414.843750
403772.021551	0.367474	4.042212	0.477165
403773.035543	0.368526	-639.160156	36.718750
403773.037543	0.367114	4.038251	0.888218
403774.084074	0.368027	-153.515625	-355.371094
403774.086077	0.366573	4.032304	0.863464
403775.130621	0.297430	-633.496094	39.062500
403775.132623	0.368201	-633.496094	39.062500
403775.134623	0.366758	4.034342	0.457662
403776.181216	0.368342	-146.972656	-375.292969
403776.183216	0.366982	4.036798	0.489806
403777.197778	0.368811	-626.171875	41.503906
403777.199779	0.367741	4.045146	0.500443
403778.243801	0.319227	-153.125000	-345.800781
403778.245801	0.367840	-153.125000	-345.800781
403778.247802	0.366536	4.031897	0.607496
403779.261798	0.368304	-632.226562	43.750000
403779.263800	0.367167	4.038836	0.571269
403780.342354	0.369577	-143.847656	-372.460937
403780.346353	0.367563	4.043196	0.534264
403781.326369	0.368060	-628.222656	49.023437
403781.328371	0.366784	4.034626	0.642455
403782.408404	0.368234	-144.140625	-358.398437
403782.412403	0.366445	4.030895	0.564408
403783.422843	0.369071	-621.289062	54.589844
403783.424845	0.367657	4.044224	0.519187
403784.503460	0.365920	-137.304687	-374.316406
403784.507459	0.365995	4.025950	0.421135
403785.487503	0.369446	-617.382812	59.082031
403785.489503	0.368323	4.051553	0.619497
403786.567580	0.361045	-135.742187	-365.234375
403786.569579	0.367622	-135.742187	-365.234375
403786.571580	0.366516	4.031675	0.477729
403787.582071	0.245522	-614.062500	63.085937
403787.584073	0.368553	-614.062500	63.085937
403787.586073	0.367408	4.041486	0.514137
403788.634146	0.367661	-135.937500	-349.023437
403788.636147	0.366648	4.033129	0.511174
403789.648145	0.367732	-613.476562	65.722656
403789.650144	0.368042	4.048460	0.604547
403790.696197	0.355854	-143.652344	-294.335937
403790.698199	0.367841	-143.652344	-294.335937
403790.700200	0.366674	4.033412	0.571094
403791.746230	0.368307	-592.285156	66.992187
403791.748233	0.366849	-592.285156	66.992187
403791.750231	0.365988	4.025870	0.487339
403792.792301	0.261134	-127.246094	-370.312500
403792.794303	0.368748	-127.246094	-370.312500
403792.798300	0.366519	4.031711	0.421656
403793.808346	0.291139	-611.621094	68.750000
403793.810349	0.368101	-611.621094	68.750000
403793.812348	0.366641	4.033049	0.609225
403794.858410	0.369192	-133.007812	-333.300781
403794.860412	0.368502	4.053521	0.458843
403795.874491	0.368599	-622.558594	68.652344
403795.876493	0.367137	4.038508	0.712423
403796.925053	0.366708	-140.625000	-293.066406
403796.927056	0.365737	4.023105	0.643076
403797.969666	0.266079	-609.472656	68.945312
403797.971669	0.369488	-609.472656	68.945312
403797.973669	0.368159	4.049746	0.559811
403799.021693	0.368321	-124.902344	-378.613281
403799.023694	0.367223	4.039456	0.408102
403800.035690	0.367622	-620.312500	68.652344
403800.037689	0.367090	4.037985	0.656141
403801.084678	0.369853	-137.597656	-309.863281
403801.086678	0.368595	4.054540	0.641425
403802.133605	0.368095	-603.320312	68.945312
403802.135605	0.366811	4.034919	0.845229
403803.180527	0.341251	-124.316406	-388.378906
403803.182531	0.368163	-124.316406	-388.378906
403803.184531	0.366900	4.035902	0.385553
403804.196524	0.351951	-611.132812	68.847656
403804.198526	0.354034	-611.132812	68.847656
403804.200524	0.366887	4.035752	0.579518
403805.245027	0.347620	-136.914062	-323.242187
403805.247028	0.368122	-136.914062	-323.242187
403805.249028	0.366881	4.035690	0.478718
403806.261691	0.368158	-609.277344	67.871094
403806.263693	0.367467	4.042141	0.629277
403807.342224	0.349965	-133.300781	-355.957031
403807.344227	0.367832	-133.300781	-355.957031
403807.346225	0.366554	4.032092	0.391604
403808.324203	0.244610	-621.972656	66.406250
403808.326205	0.368280	-621.972656	66.406250
403808.328203	0.366979	4.036771	0.718049
403809.406200	0.321991	-142.187500	-322.460937
403809.408203	0.368430	-142.187500	-322.460937
403809.410207	0.366993	4.036922	0.477979
403810.423151	0.367954	-598.242187	62.890625
403810.425151	0.367633	4.043958	0.528182
403811.503181	0.305125	-128.906250	-406.250000
403811.505183	0.368067	-128.906250	-406.250000
403811.507185	0.366754	4.034298	0.403283
403812.487204	0.364558	-615.527344	59.082031
403812.489207	0.367713	4.044844	0.579691
403813.571242	0.367438	-135.937500	-387.500000
403813.575243	0.365900	4.024904	0.604660
403814.551261	0.353473	-624.414062	54.785156
403814.553264	0.367455	-624.414062	54.785156
403814.555265	0.366283	4.029114	0.674632
403815.631754	0.282592	-144.628906	-360.742187
403815.633757	0.368564	-144.628906	-360.742187
403815.635758	0.367079	4.037870	0.594614
403816.647742	2.140405	-623.339844	50.195312
403816.649745	0.367925	-623.339844	50.195312
403816.651744	0.366575	4.032322	0.507479
403817.730341	0.368396	-134.667969	-413.085937
403817.732345	0.368595	4.054549	0.428505
403818.712360	0.325823	-629.101562	45.996094
403818.714362	0.367698	-629.101562	45.996094
403818.716362	0.366381	4.030195	0.616867
403819.794785	0.368025	-139.257812	-402.734375
403819.796786	0.367707	4.044774	0.486345
403820.808767	0.238924	-631.835937	42.871094
403820.810768	0.368626	-631.835937	42.871094
403820.814765	0.366533	4.031861	0.495399
403821.858819	0.364311	-147.558594	-374.414062
403821.860821	0.368012	4.048132	0.558432
403822.874875	0.367448	-638.085937	39.941406
403822.876878	0.367731	4.045039	0.590232
403823.925480	0.368976	-152.539062	-358.984375
403823.927481	0.368047	4.048522	0.612590
403824.973982	0.371069	-636.230469	40.527344
403824.975983	0.370110	4.071210	0.464548
403826.020501	0.367037	-133.691406	-432.617187
403826.022503	0.368363	4.051996	0.434460
403827.038601	0.368825	-642.968750	39.355469
403827.040603	0.367846	4.046307	0.567706
403828.084643	0.361240	-143.261719	-395.019531
403828.086644	0.367562	-143.261719	-395.019531
403828.088646	0.366410	4.030514	0.518396
403829.133197	0.360469	-637.890625	41.503906
403829.135199	0.367294	-637.890625	41.503906
403829.137199	0.366157	4.027722	0.451968
403830.149240	0.366483	-139.257812	-410.156250
403830.151243	0.368477	4.053246	0.604424
403831.197210	0.343318	-641.992187	41.015625
403831.199212	0.367815	-641.992187	41.015625
403831.201212	0.366576	4.032331	0.557497
403832.245240	0.294855	-130.957031	-439.941406
403832.247242	0.368389	-130.957031	-439.941406
403832.249241	0.366986	4.036850	0.425846
403833.295224	1.974117	-632.812500	42.578125
403833.297224	0.368351	4.051864	0.424038
403834.313254	0.367341	-143.261719	-393.652344
403834.315261	0.366339	4.029734	0.514792
403835.358185	0.293062	-642.285156	41.601562
403835.360188	0.368043	-642.285156	41.601562
403835.362186	0.366533	4.031861	0.506412
403836.374191	0.315069	-149.414062	-371.093750
403836.376195	0.368512	-149.414062	-371.093750
403836.378193	0.367198	4.039173	0.627193
403837.424814	0.368396	-645.996094	40.234375
403837.426816	0.367186	4.039048	0.581314
403838.473350	0.368698	-137.109375	-418.359375
403838.477349	0.366441	4.030851	0.465768
403839.519928	0.314534	-636.132812	41.699219
403839.521930	0.368284	-636.132812	41.699219
403839.523930	0.366940	4.036336	0.435532
403840.535979	0.336428	-146.484375	-383.203125
403840.537981	0.367881	-146.484375	-383.203125
403840.539979	0.366574	4.032313	0.563165
403841.584621	0.341565	-641.015625	40.722656
403841.586621	0.368449	-641.015625	40.722656
403841.588621	0.367179	4.038969	0.495166
403842.633208	0.341475	-132.031250	-438.378906
403842.635210	0.367734	-132.031250	-438.378906
403842.637211	0.366484	4.031330	0.436250
403843.651275	0.368511	-641.601562	40.234375
403843.653277	0.367477	4.042248	0.565435
403844.699816	0.369291	-146.875000	-381.152344
403844.701818	0.368215	4.050365	0.542660
403845.746367	0.353619	-623.632812	42.382812
403845.748370	0.368300	-623.632812	42.382812
403845.750368	0.367039	4.037426	0.402600
403846.794358	0.308820	-136.328125	-418.359375
403846.796359	0.368753	-136.328125	-418.359375
403846.798358	0.367498	4.042478	0.436445
403847.810377	0.329313	-627.929687	43.554687
403847.812380	0.367967	-627.929687	43.554687
403847.814380	0.366638	4.033013	0.465967
403848.858401	0.270241	-144.824219	-382.421875
403848.860403	0.275895	-144.824219	-382.421875
403848.864402	0.367023	4.037259	0.540960
403849.876427	0.368665	-629.589844	45.703125
403849.878428	0.367235	4.039589	0.525884
403850.956957	0.366631	-134.570312	-417.773437
403850.958959	0.368027	4.048301	0.419999
403851.938993	0.314153	-626.953125	49.511719
403851.940996	0.368147	-626.953125	49.511719
403851.942995	0.366762	4.034387	0.613382
403853.021002	0.358506	-139.355469	-390.332031
403853.023004	0.367684	-139.355469	-390.332031
403853.025005	0.366614	4.032756	0.504340
403854.036997	0.363813	-615.234375	53.906250
403854.038998	0.367932	4.047255	0.453723
403855.117911	0.346920	-132.421875	-410.937500
403855.119911	0.367715	-132.421875	-410.937500
403855.121913	0.366383	4.030213	0.388757
403856.101897	0.368980	-609.179687	58.203125
403856.103898	0.367980	4.047778	0.569271
403857.181877	0.314735	-133.007812	-400.000000
403857.183880	0.367947	-133.007812	-400.000000
403857.185879	0.366620	4.032818	0.451256
403858.167988	0.368141	-611.816406	62.304687
403858.169991	0.367219	4.039412	0.657420
403859.246013	0.288400	-144.824219	-332.226562
403859.248015	0.368310	-144.824219	-332.226562
403859.250014	0.366844	4.035282	0.518299
403860.264057	0.368103	-608.886719	65.039062
403860.266058	0.366724	4.033961	0.880689
403861.344107	0.359779	-124.023437	-425.878906
403861.346108	0.367808	-124.023437	-425.878906
403861.348109	0.366619	4.032810	0.357653
403862.326104	0.275162	-608.398437	67.480469
403862.328104	0.368240	-608.398437	67.480469
403862.330104	0.366748	4.034227	0.645539
403863.408109	0.340271	-125.292969	-411.035156
403863.410111	0.368051	-125.292969	-411.035156
403863.412110	0.366800	4.034794	0.400695
403864.426158	0.369317	-595.312500	69.042969
403864.428158	0.368284	4.051119	0.502662
403865.474710	0.368814	-134.570312	-354.589844
403865.476713	0.367587	4.043462	0.457788
403866.489266	0.368278	-595.898437	70.214844
403866.491268	0.367662	4.044277	0.614169
403867.569271	0.310113	-124.902344	-401.367187
403867.571271	0.314335	-124.902344	-401.367187
403867.573271	0.367135	4.038481	0.339429
403868.586224	0.367647	-592.285156	70.410156
403868.588228	0.368155	4.049701	0.466005
403869.637198	0.368304	-129.785156	-375.097656
403869.639202	0.367396	4.041353	0.498129
403870.650140	0.356686	-587.792969	70.312500
403870.652142	0.368063	-587.792969	70.312500
403870.654142	0.366880	4.035681	0.552846
403871.698167	0.321850	-132.226562	-363.085937
403871.702165	0.366572	-132.226562	-363.085937
403871.706166	0.365084	4.015927	0.474723
403872.714219	0.340910	-607.519531	70.996094
403872.716222	0.367818	-607.519531	70.996094
403872.718223	0.366476	4.031232	0.649130
403873.796252	0.366468	-126.757812	-394.042969
403873.798253	0.367865	4.046511	0.357368
403874.813287	0.369174	-568.750000	69.531250
403874.815291	0.368079	4.048868	0.482034
403875.861312	0.368114	-126.855469	-398.339844
403875.863313	0.366719	4.033908	0.430655
403876.875389	0.311076	-604.492187	70.019531
403876.877393	0.368315	-604.492187	70.019531
403876.879392	0.366922	4.036141	0.571774
403877.925963	0.368408	-142.187500	-324.316406
403877.927963	0.367115	4.038269	0.541942
403878.942509	0.367612	-602.734375	68.847656
403878.944512	0.366562	4.032180	0.650462
403880.022545	0.368246	-128.027344	-405.859375
403880.024547	0.367172	4.038889	0.432281
403881.038527	0.368294	-594.921875	65.234375
403881.040529	0.366912	4.036026	0.463145
403882.089142	0.366932	-143.359375	-342.285156
403882.091144	0.366026	4.026287	0.653201
403883.103756	0.368429	-608.300781	62.597656
403883.105755	0.367234	4.039571	0.528721
403884.182327	0.271087	-130.175781	-415.136719
403884.184327	0.368405	-130.175781	-415.136719
403884.186328	0.367036	4.037391	0.415671
403885.168786	0.368018	-614.843750	58.984375
403885.170788	0.367048	4.037533	0.607478
403886.246806	0.285663	-144.921875	-361.035156
403886.250809	0.367690	-144.921875	-361.035156
403886.252813	0.366771	4.034484	0.503210
403887.263302	0.345814	-612.304687	54.882812
403887.265302	0.348506	-612.304687	54.882812
403887.267304	0.366190	4.028086	0.445895
403888.344227	0.314367	-129.101562	-434.667969
403888.346229	0.368312	-129.101562	-434.667969
403888.348228	0.367033	4.037364	0.385913
403889.328258	0.365379	-628.027344	50.585937
403889.330260	0.366984	4.036824	0.548764
