num crossings	time (s)	maj axis (mm)	min axis (mm)	theta (rad )	slope (V/s)
3981	4652.235408	14.125560	-39.552780	2.734064	8.868225
3983	4654.308655	62.584711	-11.186362	1.318049	7.789955
3985	4656.380037	62.954745	12.104469	1.326118	8.243817
3987	4658.445584	62.865513	-10.898988	1.309207	8.637690
3989	4660.522638	62.473836	-11.475818	1.286174	8.001173
3991	4662.610127	61.533637	-10.957823	1.293789	8.699262
3993	4664.699150	60.417241	-10.492863	1.314733	8.395169
3995	4666.776416	62.156775	-9.842061	1.333400	8.171207
3997	4668.841634	63.443771	-11.122386	1.302820	8.484298
3999	4670.907032	63.026048	-11.399774	1.278896	8.442438
4001	4672.990490	62.100462	-10.436583	1.297317	7.958721
4003	4675.080749	63.554406	11.302237	1.307407	8.686498
4005	4677.163926	61.673708	-11.067081	1.266168	8.220817
4007	4679.239058	63.909983	-7.310872	1.266221	8.215069
4009	4681.308603	63.176927	-10.835143	1.289801	8.478190
4011	4683.375824	62.770286	-11.236912	1.272827	8.338470
4013	4685.450256	63.081480	-11.267322	1.270343	7.979036
4015	4687.525884	62.865671	-10.997084	1.276008	8.318293
4017	4689.601236	62.598321	-10.847714	1.281202	8.585554
4019	4691.680152	63.436290	-6.259412	1.257352	8.480206
4021	4693.759626	63.288773	-10.554849	1.280304	8.272689
4023	4695.842691	62.573768	-10.585298	1.290620	8.075488
4025	4697.929334	63.108752	-10.798776	1.275808	8.209435
4027	4700.013085	63.060103	-10.000346	1.282143	8.331410
4029	4702.089118	64.001080	10.955345	1.283835	8.734276
4031	4704.157566	63.224975	-10.335906	1.271106	8.175735
4033	4706.222880	64.668184	-10.941907	1.290842	8.743335
4035	4708.294616	64.297137	-10.022954	1.271444	8.600597
4037	4710.381093	62.615642	-10.701760	1.282708	8.622342
4039	4712.470666	63.008668	11.146782	1.292800	8.402892
4041	4714.553268	63.304682	-10.444909	1.260353	8.490062
4043	4716.627038	63.692188	-10.115993	1.263191	8.120285
4045	4718.695592	63.394422	-9.402233	1.286758	8.424984
4047	4720.764583	63.789348	-10.139513	1.276034	8.571895
4049	4722.837911	63.207377	10.655291	1.283976	8.198268
4051	4724.913760	63.462009	-9.902575	1.273206	8.204669
4053	4726.990720	63.450811	-10.117686	1.275205	8.389845
4055	4729.068097	65.211764	-10.098376	1.262765	8.667786
4057	4731.145250	63.552451	-9.950049	1.266263	8.676213
4059	4733.222474	63.512201	-9.767564	1.271549	8.641538
4061	4735.298821	63.634715	-9.686533	1.269998	8.347573
4063	4737.378306	64.474615	10.363004	1.270607	8.369076
4065	4739.459592	63.877097	10.282877	1.267231	8.925420
4067	4741.544517	63.041081	-9.627522	1.263555	8.586359
4069	4743.630113	62.001727	-9.785625	1.232990	8.921990
4071	4745.710489	61.880525	-9.967723	1.257316	8.908812
4073	4747.785774	65.732081	-5.243871	1.239677	8.218383
4075	4749.855800	63.886208	10.607530	1.276821	8.528568
4077	4751.921611	64.189092	-9.312629	1.259658	8.283380
4079	4753.994359	63.806527	-9.804200	1.241659	8.473422
4081	4756.075769	63.476253	-9.081271	1.254896	8.346679
4083	4758.160645	63.324235	-9.294782	1.254322	9.128243
4085	4760.245077	63.479804	-9.250850	1.252378	8.706664
4087	4762.326790	61.868181	-9.453094	1.245829	8.540356
4089	4764.405712	65.030123	-10.651624	1.243699	8.635423
4091	4766.482289	62.951663	-9.657074	1.228977	8.203413
4093	4768.559209	63.490748	-9.379178	1.239069	8.404168
4095	4770.636439	64.133137	-9.261791	1.248581	8.369978
4097	4772.713414	64.453163	9.864526	1.257650	8.776798
4099	4774.790886	63.969720	-9.271068	1.240114	8.624317
4101	4776.868873	67.596685	-6.324024	1.228194	8.561032
4103	4778.946231	64.917527	9.655260	1.246920	8.266054
4105	4781.022089	64.655998	-8.806179	1.243133	8.574086
4107	4783.095500	63.270703	-9.742112	1.206921	8.697116
4109	4785.166131	64.560966	-8.967096	1.242144	8.532974
4111	4787.235523	65.010574	10.096778	1.249819	8.733210
4113	4789.306702	65.815442	-8.798850	1.224903	8.956171
4115	4791.383823	64.107766	-9.372951	1.243311	8.644420
4117	4793.467543	63.650946	-9.070439	1.243548	8.517791
4119	4795.554502	65.012144	9.488473	1.252327	8.510135
4121	4797.638657	63.441314	-9.247747	1.225682	8.544698
4123	4799.718607	65.602848	-8.366823	1.220578	8.580728
4125	4801.794257	62.595809	-9.496584	1.205536	8.679084
4127	4803.867423	64.962559	-6.894825	1.229827	8.669654
4129	4805.940570	64.381651	-8.756514	1.224379	8.907904
4131	4808.015122	64.489036	-8.693220	1.231227	8.814961
4133	4810.090927	64.588022	-8.683467	1.229128	8.742704
4135	4812.167428	65.417632	-8.787835	1.200345	8.969314
4137	4814.245153	64.228796	-8.598899	1.221492	8.947988
4139	4816.324282	65.429682	-8.365489	1.223788	8.920279
4141	4818.404737	64.266170	-8.589044	1.226409	8.620517
4143	4820.485517	63.193901	-8.793910	1.195995	8.741641
4145	4822.566501	65.084202	-8.524085	1.230452	9.000021
4147	4824.644868	63.426640	-8.880457	1.216567	8.405045
4149	4826.720533	65.578500	-5.817609	1.202890	8.822213
4151	4828.792452	64.895606	-8.462498	1.220556	8.574844
4153	4830.860924	64.881898	-8.890809	1.204453	8.415989
4155	4832.931271	65.048243	-8.160163	1.220096	8.664778
4157	4835.005816	66.251004	-8.838307	1.207949	8.623427
4159	4837.083993	64.823034	-5.342904	1.195022	8.841376
4161	4839.165431	64.612127	-8.190628	1.213066	8.962945
4163	4841.248234	64.655525	-8.241873	1.212190	8.453021
4165	4843.329001	64.567126	-8.279469	1.212847	8.919787
4167	4845.409569	64.756377	-8.167239	1.214774	8.840028
4169	4847.488356	63.575010	-8.425840	1.185828	8.829504
4171	4849.566291	65.886045	-6.570048	1.207337	8.678106
4173	4851.643608	63.639426	-8.585534	1.180783	8.779035
4175	4853.721215	64.800597	-8.159843	1.190510	8.789504
4177	4855.796154	65.244723	-7.977520	1.209232	8.578451
4179	4857.869908	65.133862	-8.187491	1.181193	8.618094
4181	4859.942505	65.115315	-7.995090	1.201053	8.645521
4183	4862.014788	65.389076	-8.091164	1.206008	8.842362
4185	4864.087709	65.487716	9.077158	1.212194	8.790586
4187	4866.163168	63.198820	-7.844160	1.194829	8.986597
4189	4868.242932	65.052671	-8.016311	1.208503	9.106598
4191	4870.326128	64.818915	-8.125794	1.204259	8.904613
4193	4872.410845	64.635932	-8.055125	1.195415	8.700497
4195	4874.494302	64.891999	-7.951427	1.190416	8.309298
4197	4876.574966	65.514933	-7.910247	1.190922	8.458409
4199	4878.651705	66.446430	-7.014154	1.191019	8.481817
4201	4880.728319	63.786767	-8.539523	1.167936	8.762753
4203	4882.804085	66.537530	-6.214072	1.191331	8.820824
4205	4884.880269	66.565156	8.182058	1.193816	8.924800
4207	4886.956821	64.184548	-8.238223	1.163962	8.722190
4209	4889.034807	65.796476	-7.727528	1.193896	8.961822
4211	4891.112850	64.551083	-7.656388	1.184765	8.700762
4213	4893.191580	63.863486	-7.889015	1.182572	8.880668
4215	4895.269937	63.994019	-7.993738	1.182954	8.646675
4217	4897.347363	66.627860	-6.920914	1.172796	8.894504
4219	4899.421591	65.781495	-7.655442	1.181998	8.522621
4221	4901.493527	65.757388	-7.757579	1.189487	9.131778
4223	4903.563704	65.694843	-7.710236	1.186249	8.922948
4225	4905.634526	65.880520	-7.717631	1.179108	8.440414
4227	4907.709170	65.748955	-8.618973	1.154882	8.686887
4229	4909.786029	66.109889	-3.901867	1.158730	9.221341
4231	4911.864954	66.170532	8.128246	1.180173	9.198239
4233	4913.945237	65.344004	-7.553463	1.173624	9.006518
4235	4916.025627	65.192892	-7.439393	1.173211	8.900496
4237	4918.104567	65.653110	-7.108193	1.167937	9.176855
4239	4920.182551	65.411353	-7.378023	1.173165	9.030628
4241	4922.260426	65.429376	-7.370599	1.172368	8.926170
4243	4924.337019	67.168108	-7.800955	1.179764	8.890054
4245	4926.412742	65.959477	-7.464547	1.174792	8.950068
4247	4928.487014	67.143399	-7.358382	1.153332	9.091361
4249	4930.561290	66.034634	-7.398904	1.176301	9.523089
4251	4932.635988	66.226393	-7.500243	1.175085	9.080499
4253	4934.711615	66.110655	-7.503814	1.176609	8.792045
4255	4936.789484	65.702301	-7.178433	1.178290	8.907601
4257	4938.871019	65.691693	-6.984133	1.176145	8.900468
4259	4940.953965	65.540830	-7.350465	1.169913	9.060043
4261	4943.037517	65.562400	-7.555547	1.155935	8.833116
4263	4945.118951	65.417249	-7.749585	1.145646	8.685307
4265	4947.199036	65.945934	-7.005041	1.167176	8.741717
4267	4949.277478	65.865726	-7.054862	1.166996	8.711588
4269	4951.355405	66.908202	8.100176	1.167453	8.518710
4271	4953.432399	66.656857	-7.074287	1.165654	8.696021
4273	4955.509275	67.838210	-7.232462	1.156222	9.025163
4275	4957.586481	63.889156	-7.495400	1.142762	8.969462
