time (s)	energy (uJ)	charge (mC)	voltage (mV)	crossing#mod 255
8381.551478	4.540417	0.010747	0.422473	236
8382.598179	4.587847	0.010747	0.426912	237
8383.630875	4.743222	0.010713	0.442740	238
8384.675918	4.703723	0.010723	0.438640	239
8385.706415	4.449501	0.010715	0.415261	240
8386.754198	5.035236	0.010733	0.469126	241
8387.782927	4.546938	0.010734	0.423584	242
8388.834310	4.754669	0.010728	0.443219	243
8389.859434	4.716021	0.010739	0.439147	244
8390.904372	5.298005	0.010725	0.493964	245
8391.948355	4.462984	0.010724	0.416150	246
8392.972926	4.696693	0.010729	0.437744	247
8394.039764	5.189548	0.010744	0.483005	248
8395.034445	3.963642	0.010748	0.368769	249
8396.124696	6.060165	0.010722	0.565219	250
8397.105852	3.507998	0.010741	0.326610	251
8398.197798	6.543730	0.010723	0.610242	252
8399.199683	3.417219	0.010740	0.318167	253
8400.253636	6.396234	0.010718	0.596768	254
8401.293505	4.217017	0.010741	0.392622	255
8402.323313	4.974300	0.010726	0.463767	0
8403.374138	4.811900	0.010725	0.448645	1
8404.399606	4.884059	0.010742	0.454684	2
8405.439194	5.147771	0.010734	0.479569	3
8406.497504	5.389613	0.010745	0.501614	4
8407.497077	4.294556	0.010728	0.400325	5
8408.586891	5.900889	0.010748	0.549028	6
8409.568554	3.660616	0.010750	0.340511	7
8410.664828	6.778838	0.010749	0.630664	8
8411.652377	3.763890	0.010733	0.350696	9
8412.728669	6.784365	0.010731	0.632220	10
8413.740387	4.294948	0.010739	0.399926	11
8414.796836	6.112898	0.010726	0.569904	12
8415.830680	4.093413	0.010741	0.381095	13
8416.866800	5.376268	0.010740	0.500561	14
8417.910131	5.100190	0.010731	0.475281	15
8418.939386	5.170090	0.010731	0.481782	16
8419.989672	5.034494	0.010724	0.469443	17
8421.014529	5.058851	0.010738	0.471110	18
8422.068108	5.078400	0.010726	0.473486	19
8423.092304	5.172463	0.010726	0.482231	20
8424.143553	5.083142	0.010711	0.474575	21
8425.169759	5.084599	0.010704	0.475000	22
8426.221933	5.231654	0.010746	0.486830	23
8427.248444	5.181726	0.010708	0.483909	24
8428.297656	4.987101	0.010728	0.464889	25
8429.326915	5.594821	0.010742	0.520857	26
8430.371467	4.617369	0.010727	0.430425	27
8431.410330	5.972240	0.010727	0.556741	28
8432.441706	4.226737	0.010725	0.394117	29
8433.496908	6.668187	0.010713	0.622449	30
8434.505745	3.964473	0.010752	0.368727	31
8435.584590	6.733247	0.010713	0.628504	32
8436.575016	3.088390	0.010728	0.287877	33
8437.665992	6.816753	0.010734	0.635084	34
8438.649001	4.404240	0.010738	0.410137	35
8439.740891	6.210216	0.010729	0.578829	36
8440.739178	4.831933	0.010742	0.449806	37
8441.805241	5.504272	0.010711	0.513895	38
8442.831436	5.310649	0.010706	0.496066	39
8443.867909	4.942525	0.010751	0.459707	40
8444.916756	5.266067	0.010728	0.490865	41
8445.941315	5.290254	0.010723	0.493335	42
8446.990525	5.080887	0.010723	0.473841	43
8448.026660	6.339389	0.010720	0.591343	44
8449.056519	4.293018	0.010748	0.399408	45
8450.117554	6.987375	0.010710	0.652412	46
8451.120489	4.079748	0.010727	0.380310	47
8452.202836	7.096396	0.010727	0.661571	48
8453.192472	3.714000	0.010728	0.346183	49
8454.285374	6.899349	0.010721	0.643521	50
8455.268581	4.087341	0.010721	0.381239	51
8456.359771	6.543671	0.010717	0.610595	52
8457.349674	4.460058	0.010755	0.414691	53
8458.431615	6.207823	0.010717	0.579243	54
8459.432375	4.807500	0.010741	0.447573	55
8460.504622	5.902854	0.010720	0.550637	56
8461.513541	5.358717	0.010764	0.497834	57
8462.581723	5.689639	0.010730	0.530276	58
8463.593044	5.505418	0.010723	0.513424	59
8464.656467	5.510320	0.010692	0.515386	60
8465.670857	5.339729	0.010726	0.497836	61
8466.733053	5.829251	0.010734	0.543046	62
8467.742726	5.567732	0.010723	0.519210	63
8468.813430	5.949098	0.010720	0.554960	64
8469.818698	5.127653	0.010719	0.478366	65
8470.894612	6.301558	0.010736	0.586951	66
8471.889892	4.961612	0.010728	0.462509	67
8472.977303	6.186838	0.010723	0.576987	68
8473.962695	4.547602	0.010727	0.423959	69
8475.057478	6.837876	0.010725	0.637551	70
8476.040150	4.071006	0.010745	0.378874	71
8477.133239	7.187872	0.010750	0.668614	72
8478.120688	4.164177	0.010716	0.388576	73
8479.202705	7.456176	0.010718	0.695700	74
8480.206506	4.634797	0.010727	0.432060	75
8481.267777	7.083057	0.010736	0.659773	76
8482.297085	5.015882	0.010721	0.467868	77
8483.332619	6.480088	0.010721	0.604409	78
8484.382681	5.621459	0.010750	0.522913	79
8485.405613	5.852642	0.010728	0.545536	80
8486.457959	6.512352	0.010718	0.607603	81
8487.489824	5.507906	0.010747	0.512518	82
8488.527124	5.866532	0.010720	0.547233	83
8489.581672	5.722077	0.010740	0.532782	84
8490.590748	5.544979	0.010736	0.516476	85
8491.669436	6.447555	0.010743	0.600142	86
8492.657563	4.798325	0.010722	0.447512	87
8493.751618	6.818083	0.010722	0.635897	88
8494.734971	4.273376	0.010738	0.397958	89
8495.828088	7.528551	0.010733	0.701446	90
8496.812156	4.381288	0.010740	0.407928	91
8497.901271	7.689240	0.010753	0.715057	92
8498.892743	4.448078	0.010724	0.414793	93
8499.973167	7.607138	0.010731	0.708922	94
8500.973742	4.502895	0.010743	0.419146	95
8502.047189	7.835217	0.010721	0.730808	96
8503.053937	4.513232	0.010725	0.420800	97
8504.123765	7.671186	0.010725	0.715244	98
8505.130797	4.747488	0.010728	0.442512	99
8506.201486	7.799272	0.010749	0.725552	100
8507.205701	4.800260	0.010721	0.447753	101
8508.280978	7.551281	0.010728	0.703906	102
8509.282917	4.678103	0.010706	0.436972	103
8510.361080	7.688386	0.010727	0.716751	104
8511.357085	4.417478	0.010721	0.412039	105
8512.442252	8.042364	0.010745	0.748483	106
8513.429913	4.437448	0.010702	0.414644	107
8514.522186	7.915294	0.010737	0.737200	108
8515.505719	4.462773	0.010736	0.415676	109
8516.601714	7.384429	0.010732	0.688085	110
8517.585970	4.929191	0.010724	0.459630	111
8518.671357	6.820250	0.010719	0.636279	112
8519.670886	5.690754	0.010735	0.530117	113
8520.735838	6.951909	0.010737	0.647450	114
8521.759416	6.372532	0.010737	0.593512	115
8522.802767	6.184264	0.010715	0.577149	116
8523.846756	6.420085	0.010723	0.598745	117
8524.872753	6.106719	0.010707	0.570334	118
8525.922935	6.359522	0.010724	0.593011	119
8526.950985	6.436123	0.010727	0.599999	120
8528.001063	5.722798	0.010735	0.533077	121
8529.039973	6.646128	0.010715	0.620280	122
8530.066033	5.614367	0.010718	0.523815	123
8531.121621	7.581425	0.010737	0.706086	124
8532.137101	4.881803	0.010723	0.455245	125
8533.208555	7.784542	0.010745	0.724493	126
8534.207689	4.762288	0.010723	0.444112	127
8535.289054	8.321106	0.010736	0.775101	128
8536.280269	4.440805	0.010728	0.413930	129
8537.368996	8.083348	0.010724	0.753738	130
8538.356306	4.567193	0.010727	0.425756	131
8539.448884	7.461686	0.010724	0.695813	132
8540.432569	4.457469	0.010718	0.415899	133
8541.527085	7.792881	0.010744	0.725299	134
8542.508134	4.670908	0.010727	0.435440	135
8543.602660	8.019862	0.010718	0.748295	136
8544.587653	4.727456	0.010729	0.440628	137
8545.681657	7.868773	0.010735	0.732999	138
8546.663063	4.819315	0.010718	0.449658	139
8547.757637	7.788974	0.010714	0.726982	140
8548.740755	4.735457	0.010730	0.441321	141
8549.833317	7.933282	0.010714	0.740457	142
8550.819028	4.220313	0.010715	0.393865	143
8551.909443	8.308790	0.010746	0.773187	144
8552.898213	4.854040	0.010729	0.452427	145
8553.983322	8.304701	0.010723	0.774474	146
8554.983116	4.939339	0.010713	0.461044	147
8556.051324	8.100651	0.010726	0.755220	148
8557.065633	5.310189	0.010724	0.495180	149
8558.123545	7.504613	0.010732	0.699292	150
8559.153636	5.484324	0.010735	0.510867	151
8560.189965	7.263473	0.010723	0.677370	152
8561.236398	5.868790	0.010742	0.546328	153
8562.262217	6.525895	0.010704	0.609648	154
8563.315004	6.645693	0.010727	0.619550	155
8564.340175	6.573124	0.010725	0.612900	156
8565.388864	6.707589	0.010718	0.625830	157
8566.423005	6.588987	0.010721	0.614608	158
8567.459172	6.433127	0.010717	0.600301	159
8568.510814	6.788082	0.010732	0.632512	160
8569.524740	6.389315	0.010714	0.596359	161
8570.598947	7.124866	0.010717	0.664789	162
8571.595437	5.724039	0.010712	0.534360	163
8572.679612	7.552298	0.010718	0.704638	164
8573.666681	5.399499	0.010726	0.503426	165
8574.759627	8.357430	0.010726	0.779165	166
8575.741825	5.353016	0.010713	0.499681	167
8576.839575	8.379848	0.010723	0.781457	168
8577.820074	4.648570	0.010724	0.433476	169
8578.915871	7.946527	0.010725	0.740940	170
8579.900767	4.788507	0.010733	0.446159	171
8580.991590	8.268843	0.010717	0.771582	172
8581.976436	5.067148	0.010723	0.472534	173
8583.068233	8.800405	0.010745	0.819028	174
8584.055723	5.167793	0.010724	0.481872	175
8585.146524	8.454331	0.010715	0.789004	176
8586.131042	4.952167	0.010737	0.461244	177
8587.223818	7.329504	0.010745	0.682121	178
8588.207438	5.068530	0.010723	0.472694	179
8589.302084	8.045640	0.010723	0.750290	180
8590.286737	5.025578	0.010715	0.469028	181
8591.375979	7.349712	0.010730	0.684974	182
8592.365781	5.832761	0.010724	0.543881	183
8593.448471	7.503984	0.010738	0.698824	184
8594.450505	6.308342	0.010736	0.587602	185
8595.516976	7.121112	0.010714	0.664642	186
8596.538522	6.669681	0.010708	0.622883	187
8597.583516	6.992009	0.010717	0.652450	188
8598.624550	6.896706	0.010742	0.642032	189
8599.656776	6.537345	0.010732	0.609159	190
8600.705922	7.135911	0.010742	0.664314	191
8601.727140	7.222605	0.010749	0.671960	192
8602.782576	6.430416	0.010744	0.598531	193
8603.808635	7.409035	0.010743	0.689647	194
8604.855351	6.416337	0.010723	0.598356	195
8605.892628	7.697901	0.010784	0.713822	196
8606.926530	6.043072	0.010724	0.563534	197
8607.977344	7.786807	0.010747	0.724534	198
8608.996919	5.645626	0.010715	0.526887	199
8610.058923	8.432102	0.010707	0.787505	200
8611.068845	5.602952	0.010720	0.522658	201
8612.139598	8.673271	0.010721	0.808975	202
8613.141810	5.635767	0.010725	0.525462	203
8614.222118	8.303641	0.010727	0.774118	204
8615.215306	5.674275	0.010719	0.529376	205
8616.300285	8.574194	0.010715	0.800205	206
8617.294196	5.337625	0.010738	0.497093	207
8618.377262	8.825406	0.010722	0.823092	208
8619.372758	5.227361	0.010707	0.488199	209
8620.454436	8.711944	0.010723	0.812431	210
8621.449315	5.569680	0.010728	0.519187	211
8622.528651	8.733896	0.010725	0.814326	212
8623.529326	5.643399	0.010766	0.524191	213
8624.604050	8.160147	0.010744	0.759529	214
8625.610352	5.613695	0.010719	0.523720	215
8626.679505	8.002994	0.010719	0.746638	216
8627.692312	6.149638	0.010720	0.573656	217
8628.747762	8.190829	0.010744	0.762331	218
8629.777665	6.174657	0.010719	0.576023	219
8630.817457	7.916674	0.010719	0.738595	220
8631.862358	6.188665	0.010712	0.577719	221
8632.888393	7.466316	0.010717	0.696688	222
8633.941415	6.807290	0.010699	0.636281	223
8634.966092	7.104707	0.010730	0.662143	224
8636.017625	7.022141	0.010717	0.655220	225
8637.047292	6.731540	0.010727	0.627518	226
8638.089958	7.303339	0.010733	0.680435	227
8639.129694	6.945918	0.010729	0.647396	228
8640.162542	6.843205	0.010744	0.636957	229
8641.215635	7.336512	0.010716	0.684608	230
8642.228042	6.733724	0.010711	0.628675	231
8643.300153	7.778571	0.010743	0.724075	232
8644.299881	6.018599	0.010723	0.561270	233
8645.383884	7.922851	0.010720	0.739092	234
8646.371933	5.813430	0.010720	0.542321	235
8647.463388	8.259193	0.010714	0.770866	236
8648.446995	5.580761	0.010730	0.520091	237
8649.543098	8.507843	0.010725	0.793296	238
8650.523849	4.898819	0.010722	0.456901	239
8651.622026	8.384068	0.010726	0.781670	240
8652.601210	5.448175	0.010705	0.508924	241
8653.697060	8.698195	0.010701	0.812818	242
8654.678021	5.393478	0.010713	0.503434	243
8655.774315	8.864511	0.010720	0.826909	244
8656.753943	5.616035	0.010719	0.523922	245
8657.852177	8.782668	0.010739	0.817823	246
8658.834030	5.567877	0.010715	0.519655	247
8659.932588	8.155288	0.010731	0.759982	248
8660.915178	5.670540	0.010735	0.528252	249
8661.999800	8.352516	0.010723	0.778959	250
8662.996013	5.994741	0.010708	0.559843	251
8664.073221	7.857664	0.010733	0.732082	252
8665.080656	5.611486	0.010694	0.524715	253
8666.143043	7.650542	0.010703	0.714836	254
8667.164723	7.025659	0.010713	0.655818	255
8668.217495	6.915124	0.010713	0.645470	0
8669.250989	7.137731	0.010734	0.664991	1
8670.281857	7.309117	0.010680	0.684361	2
8671.331785	6.962670	0.010716	0.649764	3
8672.358840	7.154905	0.010709	0.668103	4
8673.410133	6.869116	0.010714	0.641144	5
8674.435849	7.466988	0.010712	0.697040	6
8675.483445	6.262965	0.010739	0.583223	7
8676.516597	7.796542	0.010743	0.725739	8
8677.555214	6.735490	0.010691	0.629990	9
8678.598862	7.900600	0.010723	0.736760	10
8679.629388	6.442092	0.010714	0.601251	11
8680.680430	7.981878	0.010701	0.745919	12
8681.702497	6.212420	0.010700	0.580584	13
8682.761189	8.500724	0.010744	0.791199	14
8683.777400	6.133316	0.010728	0.571727	15
8684.841114	8.377819	0.010703	0.782786	16
8685.851720	6.059078	0.010778	0.562157	17
8686.919335	8.594242	0.010736	0.800504	18
