crossing time (s)	slope (V/s)	crossing number
281474976710655.000000	5.026327	7405	8382594048.000000
281474976710655.000000	5.128904	7406	8383625728.000000
281474976710655.000000	5.326066	7407	8384671744.000000
281474976710655.000000	5.281909	7408	8385699328.000000
281474976710655.000000	5.155892	7409	8386749952.000000
281474976710655.000000	5.114315	7410	8387776000.000000
281474976710655.000000	5.334625	7411	8388829184.000000
281474976710655.000000	5.195263	7412	8389854208.000000
281474976710655.000000	5.146626	7413	8390899200.000000
281474976710655.000000	4.886300	7414	8391943168.000000
281474976710655.000000	5.323049	7415	8392965632.000000
281474976710655.000000	4.865689	7416	8394033664.000000
281474976710655.000000	5.085358	7417	8395029504.000000
281474976710655.000000	5.124053	7418	8396120064.000000
281474976710655.000000	5.308404	7419	8397099520.000000
281474976710655.000000	5.292619	7420	8398192640.000000
281474976710655.000000	4.862200	7421	8399194624.000000
281474976710655.000000	5.310341	7422	8400250368.000000
281474976710655.000000	4.847308	7423	8401289216.000000
281474976710655.000000	5.353630	7424	8402315264.000000
281474976710655.000000	5.148622	7425	8403369472.000000
281474976710655.000000	4.838786	7426	8404395520.000000
281474976710655.000000	5.119912	7427	8405435392.000000
281474976710655.000000	4.948560	7428	8406492672.000000
281474976710655.000000	5.124808	7429	8407492608.000000
281474976710655.000000	5.242651	7430	8408583168.000000
281474976710655.000000	5.242787	7431	8409563648.000000
281474976710655.000000	5.037256	7432	8410658304.000000
281474976710655.000000	4.865909	7433	8411648000.000000
281474976710655.000000	5.213942	7434	8412723712.000000
281474976710655.000000	4.847777	7435	8413735424.000000
281474976710655.000000	5.277386	7436	8414791168.000000
281474976710655.000000	5.107927	7437	8415824384.000000
281474976710655.000000	5.145670	7438	8416860672.000000
281474976710655.000000	5.238001	7439	8417906176.000000
281474976710655.000000	5.119603	7440	8418934272.000000
281474976710655.000000	5.284976	7441	8419985408.000000
281474976710655.000000	5.143045	7442	8421009408.000000
281474976710655.000000	5.098332	7443	8422064128.000000
281474976710655.000000	5.144663	7444	8423087616.000000
281474976710655.000000	5.071157	7445	8424139264.000000
281474976710655.000000	5.131270	7446	8425164800.000000
281474976710655.000000	5.096631	7447	8426216960.000000
281474976710655.000000	5.114959	7448	8427244032.000000
281474976710655.000000	5.286726	7449	8428292096.000000
281474976710655.000000	4.993841	7450	8429321728.000000
281474976710655.000000	5.117116	7451	8430366208.000000
281474976710655.000000	5.068631	7452	8431406080.000000
281474976710655.000000	4.961433	7453	8432435712.000000
281474976710655.000000	5.030123	7454	8433491968.000000
281474976710655.000000	5.097386	7455	8434500608.000000
281474976710655.000000	4.942810	7456	8435580416.000000
281474976710655.000000	4.938050	7457	8436570624.000000
281474976710655.000000	5.051253	7458	8437661696.000000
281474976710655.000000	5.018042	7459	8438645248.000000
281474976710655.000000	5.083137	7460	8439736320.000000
281474976710655.000000	4.968146	7461	8440734208.000000
281474976710655.000000	4.903461	7462	8441799680.000000
281474976710655.000000	4.943974	7463	8442827264.000000
281474976710655.000000	5.127457	7464	8443863040.000000
281474976710655.000000	5.052886	7465	8444912128.000000
281474976710655.000000	4.995658	7466	8445935616.000000
281474976710655.000000	5.246311	7467	8446985728.000000
281474976710655.000000	4.901402	7468	8448022016.000000
281474976710655.000000	5.016544	7469	8449051648.000000
281474976710655.000000	4.907295	7470	8450113024.000000
281474976710655.000000	4.917083	7471	8451114496.000000
281474976710655.000000	4.959298	7472	8452199424.000000
281474976710655.000000	5.040065	7473	8453185536.000000
281474976710655.000000	4.978408	7474	8454280704.000000
281474976710655.000000	5.005983	7475	8455263744.000000
281474976710655.000000	4.958127	7476	8456354816.000000
281474976710655.000000	4.956442	7477	8457344512.000000
281474976710655.000000	4.951911	7478	8458427392.000000
281474976710655.000000	4.926482	7479	8459427328.000000
281474976710655.000000	4.969412	7480	8460499968.000000
281474976710655.000000	4.954428	7481	8461509120.000000
281474976710655.000000	4.910876	7482	8462574592.000000
281474976710655.000000	4.908877	7483	8463587328.000000
281474976710655.000000	4.942730	7484	8464650752.000000
281474976710655.000000	4.932859	7485	8465665536.000000
281474976710655.000000	4.917284	7486	8466727936.000000
281474976710655.000000	4.935929	7487	8467739136.000000
281474976710655.000000	4.981605	7488	8468808704.000000
281474976710655.000000	4.941563	7489	8469812736.000000
281474976710655.000000	4.937663	7490	8470890496.000000
281474976710655.000000	4.963636	7491	8471885824.000000
281474976710655.000000	4.958821	7492	8472972288.000000
281474976710655.000000	4.956748	7493	8473957888.000000
281474976710655.000000	4.966630	7494	8475052544.000000
281474976710655.000000	4.938185	7495	8476034048.000000
281474976710655.000000	4.905348	7496	8477128192.000000
281474976710655.000000	4.875232	7497	8478114816.000000
281474976710655.000000	4.941991	7498	8479196672.000000
281474976710655.000000	4.841572	7499	8480202240.000000
281474976710655.000000	4.954756	7500	8481262592.000000
281474976710655.000000	4.896671	7501	8482292736.000000
281474976710655.000000	4.970482	7502	8483328512.000000
281474976710655.000000	4.960223	7503	8484377600.000000
281474976710655.000000	4.917082	7504	8485400576.000000
281474976710655.000000	5.059516	7505	8486453248.000000
281474976710655.000000	4.830478	7506	8487484928.000000
281474976710655.000000	4.898437	7507	8488521216.000000
281474976710655.000000	4.783010	7508	8489575424.000000
281474976710655.000000	4.939765	7509	8490585600.000000
281474976710655.000000	4.865911	7510	8491664384.000000
281474976710655.000000	4.884344	7511	8492653568.000000
281474976710655.000000	4.873831	7512	8493746688.000000
281474976710655.000000	4.838674	7513	8494728192.000000
281474976710655.000000	4.876806	7514	8495822848.000000
281474976710655.000000	4.844019	7515	8496806912.000000
281474976710655.000000	4.902519	7516	8497896448.000000
281474976710655.000000	4.833026	7517	8498888192.000000
281474976710655.000000	4.870937	7518	8499969024.000000
281474976710655.000000	4.823575	7519	8500968448.000000
281474976710655.000000	4.844509	7520	8502043136.000000
281474976710655.000000	4.899798	7521	8503049728.000000
281474976710655.000000	4.758707	7522	8504119296.000000
281474976710655.000000	4.850417	7523	8505126912.000000
281474976710655.000000	4.794485	7524	8506196480.000000
281474976710655.000000	4.760630	7525	8507202560.000000
281474976710655.000000	4.816224	7526	8508275712.000000
281474976710655.000000	4.846138	7527	8509277184.000000
281474976710655.000000	4.812535	7528	8510355456.000000
281474976710655.000000	4.860054	7529	8511351296.000000
281474976710655.000000	4.767258	7530	8512437248.000000
281474976710655.000000	4.876071	7531	8513424384.000000
281474976710655.000000	4.803153	7532	8514516992.000000
281474976710655.000000	4.868648	7533	8515499520.000000
281474976710655.000000	4.907304	7534	8516595200.000000
281474976710655.000000	4.877076	7535	8517580800.000000
281474976710655.000000	4.837642	7536	8518666752.000000
281474976710655.000000	4.738950	7537	8519666688.000000
281474976710655.000000	4.762654	7538	8520730624.000000
281474976710655.000000	4.706522	7539	8521753088.000000
281474976710655.000000	4.886906	7540	8522798592.000000
281474976710655.000000	4.738425	7541	8523842560.000000
281474976710655.000000	4.798397	7542	8524869120.000000
281474976710655.000000	4.986120	7543	8525921280.000000
281474976710655.000000	4.829105	7544	8526945792.000000
281474976710655.000000	4.860779	7545	8527994880.000000
281474976710655.000000	4.693055	7546	8529030656.000000
281474976710655.000000	4.811093	7547	8530061824.000000
281474976710655.000000	4.731458	7548	8531117568.000000
281474976710655.000000	4.970152	7549	8532131840.000000
281474976710655.000000	4.688899	7550	8533202944.000000
281474976710655.000000	4.755878	7551	8534202368.000000
281474976710655.000000	4.701818	7552	8535284224.000000
281474976710655.000000	4.768915	7553	8536273920.000000
281474976710655.000000	4.762159	7554	8537364992.000000
281474976710655.000000	4.847589	7555	8538349568.000000
281474976710655.000000	4.760611	7556	8539444736.000000
281474976710655.000000	4.750577	7557	8540426752.000000
281474976710655.000000	4.747161	7558	8541520896.000000
281474976710655.000000	4.759434	7559	8542502912.000000
281474976710655.000000	4.731200	7560	8543598080.000000
281474976710655.000000	4.769640	7561	8544581120.000000
281474976710655.000000	4.808486	7562	8545675264.000000
281474976710655.000000	4.775893	7563	8546658304.000000
281474976710655.000000	4.752823	7564	8547752448.000000
281474976710655.000000	4.772457	7565	8548735488.000000
281474976710655.000000	4.729550	7566	8549829120.000000
281474976710655.000000	4.757828	7567	8550813184.000000
281474976710655.000000	4.710864	7568	8551904256.000000
281474976710655.000000	4.735961	7569	8552893952.000000
281474976710655.000000	4.693804	7570	8553977856.000000
281474976710655.000000	4.644714	7571	8554977280.000000
281474976710655.000000	4.729151	7572	8556047872.000000
281474976710655.000000	4.677649	7573	8557060608.000000
281474976710655.000000	4.759902	7574	8558118400.000000
281474976710655.000000	4.753192	7575	8559147008.000000
281474976710655.000000	4.737039	7576	8560186368.000000
281474976710655.000000	4.891702	7577	8561231360.000000
281474976710655.000000	4.774752	7578	8562256896.000000
281474976710655.000000	4.871302	7579	8563310592.000000
281474976710655.000000	4.736776	7580	8564334592.000000
281474976710655.000000	4.791260	7581	8565384192.000000
281474976710655.000000	4.665732	7582	8566418432.000000
281474976710655.000000	4.772596	7583	8567454720.000000
281474976710655.000000	4.592303	7584	8568505856.000000
281474976710655.000000	4.674433	7585	8569520640.000000
281474976710655.000000	4.660229	7586	8570593280.000000
281474976710655.000000	4.661050	7587	8571589632.000000
281474976710655.000000	4.780583	7588	8572676608.000000
281474976710655.000000	4.762056	7589	8573661184.000000
281474976710655.000000	4.803960	7590	8574755328.000000
281474976710655.000000	4.759185	7591	8575736832.000000
281474976710655.000000	4.691896	7592	8576834048.000000
281474976710655.000000	4.743415	7593	8577816064.000000
281474976710655.000000	4.627972	7594	8578910208.000000
281474976710655.000000	4.694664	7595	8579895296.000000
281474976710655.000000	4.645769	7596	8580986368.000000
281474976710655.000000	4.672029	7597	8581972480.000000
281474976710655.000000	4.644637	7598	8583063040.000000
281474976710655.000000	4.664855	7599	8584048640.000000
281474976710655.000000	4.671143	7600	8585140736.000000
281474976710655.000000	4.714098	7601	8586124800.000000
281474976710655.000000	4.709439	7602	8587218944.000000
281474976710655.000000	4.722210	7603	8588201984.000000
281474976710655.000000	4.615648	7604	8589298176.000000
281474976710655.000000	4.601363	7605	8590281728.000000
281474976710655.000000	4.726119	7606	8591372288.000000
281474976710655.000000	4.619747	7607	8592360448.000000
281474976710655.000000	4.795583	7608	8593442816.000000
281474976710655.000000	4.626544	7609	8594445312.000000
281474976710655.000000	4.703913	7610	8595512320.000000
281474976710655.000000	4.618272	7611	8596533248.000000
281474976710655.000000	4.693651	7612	8597578752.000000
281474976710655.000000	4.632755	7613	8598620160.000000
281474976710655.000000	4.674210	7614	8599650304.000000
281474976710655.000000	4.648324	7615	8600700928.000000
281474976710655.000000	4.665809	7616	8601722880.000000
281474976710655.000000	4.767254	7617	8602777600.000000
281474976710655.000000	4.641421	7618	8603803648.000000
281474976710655.000000	4.658729	7619	8604850176.000000
281474976710655.000000	4.654917	7620	8605887488.000000
281474976710655.000000	4.746032	7621	8606920704.000000
281474976710655.000000	4.591847	7622	8607972352.000000
281474976710655.000000	4.796156	7623	8608991232.000000
281474976710655.000000	4.518604	7624	8610054144.000000
281474976710655.000000	4.665732	7625	8611063808.000000
281474976710655.000000	4.554481	7626	8612135936.000000
281474976710655.000000	4.613467	7627	8613136384.000000
281474976710655.000000	4.538556	7628	8614215680.000000
281474976710655.000000	4.657097	7629	8615211008.000000
281474976710655.000000	4.555997	7630	8616294400.000000
281474976710655.000000	4.607805	7631	8617287680.000000
281474976710655.000000	4.563312	7632	8618373120.000000
281474976710655.000000	4.595143	7633	8619366400.000000
281474976710655.000000	4.566088	7634	8620449792.000000
281474976710655.000000	4.612306	7635	8621444096.000000
281474976710655.000000	4.570662	7636	8622524416.000000
281474976710655.000000	4.590248	7637	8623522816.000000
281474976710655.000000	4.610065	7638	8624599040.000000
281474976710655.000000	4.625647	7639	8625605632.000000
281474976710655.000000	4.580840	7640	8626670592.000000
281474976710655.000000	4.665018	7641	8627688448.000000
281474976710655.000000	4.588666	7642	8628742144.000000
281474976710655.000000	4.725918	7643	8629772288.000000
281474976710655.000000	4.638180	7644	8630812672.000000
281474976710655.000000	4.685637	7645	8631857152.000000
281474976710655.000000	4.655461	7646	8632884224.000000
281474976710655.000000	4.710268	7647	8633936896.000000
281474976710655.000000	4.639059	7648	8634959872.000000
281474976710655.000000	4.644692	7649	8636013568.000000
281474976710655.000000	4.602065	7650	8637041664.000000
281474976710655.000000	4.603935	7651	8638085120.000000
281474976710655.000000	4.565752	7652	8639124480.000000
281474976710655.000000	4.611597	7653	8640157696.000000
281474976710655.000000	4.566154	7654	8641210368.000000
281474976710655.000000	4.592434	7655	8642223104.000000
281474976710655.000000	4.584564	7656	8643295232.000000
281474976710655.000000	4.590936	7657	8644294656.000000
281474976710655.000000	4.641788	7658	8645379072.000000
281474976710655.000000	4.608569	7659	8646367232.000000
281474976710655.000000	4.641956	7660	8647458816.000000
281474976710655.000000	4.612242	7661	8648441856.000000
281474976710655.000000	4.668614	7662	8649538560.000000
281474976710655.000000	4.588117	7663	8650518528.000000
281474976710655.000000	4.612154	7664	8651615232.000000
281474976710655.000000	4.579115	7665	8652596224.000000
281474976710655.000000	4.555902	7666	8653692928.000000
281474976710655.000000	4.594099	7667	8654672896.000000
281474976710655.000000	4.606725	7668	8655769600.000000
281474976710655.000000	4.619134	7669	8656749568.000000
281474976710655.000000	4.571207	7670	8657847296.000000
281474976710655.000000	4.590054	7671	8658828288.000000
281474976710655.000000	4.571703	7672	8659923968.000000
281474976710655.000000	4.558258	7673	8660910080.000000
281474976710655.000000	4.605723	7674	8661995520.000000
281474976710655.000000	4.509785	7675	8662990848.000000
281474976710655.000000	4.631427	7676	8664068096.000000
281474976710655.000000	4.509658	7677	8665074688.000000
281474976710655.000000	4.645316	7678	8666137600.000000
281474976710655.000000	4.505749	7679	8667159552.000000
281474976710655.000000	4.611540	7680	8668207104.000000
281474976710655.000000	4.470371	7681	8669245440.000000
281474976710655.000000	4.573648	7682	8670277632.000000
281474976710655.000000	4.587193	7683	8671326208.000000
281474976710655.000000	4.603970	7684	8672353280.000000
281474976710655.000000	4.618038	7685	8673404928.000000
281474976710655.000000	4.563877	7686	8674429952.000000
281474976710655.000000	4.653578	7687	8675479552.000000
281474976710655.000000	4.537068	7688	8676511744.000000
281474976710655.000000	4.680753	7689	8677551104.000000
281474976710655.000000	4.516141	7690	8678593536.000000
281474976710655.000000	4.725265	7691	8679624704.000000
281474976710655.000000	4.501841	7692	8680675328.000000
281474976710655.000000	4.674242	7693	8681697280.000000
281474976710655.000000	4.473803	7694	8682755072.000000
281474976710655.000000	4.592952	7695	8683771904.000000
281474976710655.000000	4.502931	7696	8684835840.000000
281474976710655.000000	4.557700	7697	8685846528.000000
281474976710655.000000	4.478074	7698	8686913536.000000
281474976710655.000000	4.611384	7699	8687923200.000000
