time (s)	energy (uJ)	charge (mC)	voltage (mV)	crossing#mod 255
6388.190856	9.986476	0.005702	1.751459	254
6389.220857	6.669203	0.005697	1.170550	255
6390.256891	9.170195	0.005696	1.610007	0
6391.305417	7.347115	0.005707	1.287381	1
6392.331463	8.115343	0.005715	1.419896	2
6393.375097	8.341616	0.005707	1.461536	3
6394.423535	7.178379	0.005696	1.260226	4
6395.442351	8.314057	0.005691	1.460975	5
6396.515194	7.559566	0.005691	1.328244	6
6397.504128	7.897516	0.005706	1.384082	7
6398.596669	8.898262	0.005706	1.559502	8
6399.578651	7.117707	0.005728	1.242641	9
6400.670726	9.780043	0.005708	1.713345	10
6401.662671	6.342955	0.005692	1.114373	11
6402.738773	10.028771	0.005706	1.757623	12
6403.750178	6.119457	0.005695	1.074547	13
6404.807234	9.998401	0.005688	1.757728	14
6405.835869	6.273139	0.005711	1.098439	15
6406.877932	9.814919	0.005696	1.723008	16
6407.916385	6.860660	0.005697	1.204303	17
6408.952742	9.361920	0.005692	1.644817	18
6409.995314	7.240989	0.005701	1.270062	19
6411.029348	8.934569	0.005711	1.564419	20
6412.071831	7.250711	0.005698	1.272529	21
6413.107949	8.582376	0.005690	1.508388	22
6414.148003	7.468565	0.005703	1.309592	23
6415.179984	9.863596	0.005688	1.734045	24
6416.225990	7.322079	0.005694	1.285888	25
6417.260150	9.720469	0.005703	1.704337	26
6418.300118	7.071912	0.005698	1.241110	27
6419.340114	10.032557	0.005706	1.758202	28
6420.372121	6.842793	0.005711	1.198222	29
6421.424153	10.098392	0.005707	1.769539	30
6422.443079	6.599916	0.005701	1.157588	31
6423.507085	9.904199	0.005698	1.738172	32
6424.513143	6.656947	0.005711	1.165715	33
6425.595251	9.881902	0.005699	1.733970	34
6426.583212	6.926588	0.005696	1.216101	35
6427.673300	9.604277	0.005705	1.683619	36
6428.659389	7.812448	0.005704	1.369641	37
6429.747156	8.598669	0.005694	1.510101	38
6430.743951	8.291824	0.005693	1.456576	39
6431.812459	8.373162	0.005695	1.470157	40
6432.834248	8.964938	0.005687	1.576292	41
6433.881702	7.563121	0.005690	1.329256	42
6434.920862	8.647898	0.005694	1.518789	43
6435.948947	16.614262	0.005695	2.917216	44
6437.001155	7.332351	0.005696	1.287187	45
6438.030736	9.541608	0.005701	1.673549	46
6439.069611	7.217677	0.005698	1.266792	47
6440.115832	10.285744	0.005707	1.802358	48
6441.140575	6.377527	0.005685	1.121761	49
6442.204627	9.957245	0.005691	1.749498	50
6443.204804	6.588486	0.005689	1.158071	51
6444.286880	10.180961	0.005703	1.785241	52
6445.283400	6.332143	0.005676	1.115508	53
6446.367335	10.394065	0.005700	1.823428	54
6447.353126	7.289794	0.005679	1.283596	55
6448.443510	10.030779	0.005700	1.759790	56
6449.431530	7.172061	0.005697	1.258923	57
6450.521576	9.530638	0.005706	1.670365	58
6451.506183	7.513041	0.005693	1.319691	59
6452.596230	9.658440	0.005698	1.695071	60
6453.584201	7.863039	0.005702	1.378933	61
6454.676213	9.333955	0.005704	1.636245	62
6455.662534	7.730117	0.005700	1.356101	63
6456.751348	9.859470	0.005685	1.734358	64
6457.737802	7.472552	0.005701	1.310639	65
6458.829709	9.436288	0.005696	1.656637	66
6459.815903	7.508363	0.005699	1.317379	67
6460.905854	9.918672	0.005703	1.739173	68
6461.893889	7.086456	0.005695	1.244359	69
6462.980083	10.620814	0.005697	1.864244	70
6463.972198	7.104101	0.005693	1.247838	71
6465.052210	11.313634	0.005706	1.982876	72
6466.058148	6.822009	0.005712	1.194288	73
6467.124171	10.463420	0.005695	1.837432	74
6468.146173	6.596503	0.005695	1.158206	75
6469.190740	10.588305	0.005701	1.857229	76
6470.230820	7.145953	0.005704	1.252730	77
6471.259323	10.099426	0.005705	1.770177	78
6472.311290	8.387133	0.005702	1.470980	79
6473.335832	9.051548	0.005695	1.589403	80
6474.385855	8.772367	0.005701	1.538833	81
6475.422702	7.950371	0.005681	1.399359	82
6476.452104	9.290425	0.005692	1.632118	83
6477.506025	8.656945	0.005695	1.520087	84
6478.520030	9.374709	0.005682	1.650036	85
6479.594157	9.100219	0.005707	1.594689	86
6480.588195	8.716296	0.005696	1.530120	87
6481.676257	9.629519	0.005696	1.690671	88
6482.662293	8.044193	0.005700	1.411344	89
6483.756420	10.139973	0.005703	1.778068	90
6484.740399	7.627097	0.005692	1.339859	91
6485.831520	10.282788	0.005700	1.804143	92
6486.822099	7.149261	0.005703	1.253525	93
6487.902093	10.756447	0.005697	1.887984	94
6488.902183	7.132900	0.005699	1.251661	95
6489.976593	10.952464	0.005686	1.926201	96
6490.980616	7.082876	0.005707	1.241013	97
6492.052607	10.709622	0.005693	1.881141	98
6493.059039	7.135176	0.005694	1.253010	99
6494.129213	11.052666	0.005698	1.939609	100
6495.135263	7.268654	0.005702	1.274760	101
6496.209440	10.655752	0.005716	1.864096	102
6497.211774	19.136103	0.005695	3.360312	103
6498.287882	10.674536	0.005697	1.873776	104
6499.286409	7.209224	0.005695	1.265814	105
6500.366492	11.071149	0.005695	1.944052	106
6501.358514	7.438459	0.005708	1.303239	107
6502.448494	10.377830	0.005704	1.819528	108
6503.434456	7.814939	0.005701	1.370700	109
6504.526470	10.020744	0.005696	1.759263	110
6505.512634	8.220608	0.005710	1.439585	111
6506.598340	9.610662	0.005701	1.685721	112
6507.596700	8.769625	0.005699	1.538714	113
6508.671335	8.801648	0.005711	1.541306	114
6509.681312	9.484060	0.005711	1.660703	115
6510.737281	8.648046	0.005698	1.517677	116
6511.770274	9.206890	0.005692	1.617526	117
6512.803541	9.278394	0.005706	1.626043	118
6513.850131	9.152119	0.005686	1.609630	119
6514.876695	9.906323	0.005702	1.737283	120
6515.930674	8.202007	0.005700	1.438881	121
6516.957243	10.188505	0.005708	1.784906	122
6518.001259	8.049356	0.005702	1.411767	123
6519.041349	10.276743	0.005695	1.804364	124
6520.072009	7.815600	0.005699	1.371293	125
6521.122897	11.088613	0.005709	1.942211	126
6522.143542	7.335686	0.005703	1.286317	127
6523.205406	11.392911	0.005684	2.004255	128
6524.215565	7.580786	0.005698	1.330326	129
6525.285752	11.309776	0.005695	1.985896	130
6526.289616	7.539507	0.005701	1.322572	131
6527.363840	11.264694	0.005706	1.974290	132
6528.366277	7.393848	0.005696	1.298148	133
6529.444359	11.245031	0.005713	1.968447	134
6530.440965	7.690028	0.005696	1.350105	135
6531.521242	11.257037	0.005701	1.974454	136
6532.517974	7.836615	0.005697	1.375541	137
6533.600078	11.191919	0.005699	1.963805	138
6534.598111	7.816476	0.005709	1.369086	139
6535.673107	11.159739	0.005714	1.952932	140
6536.681155	7.331656	0.005698	1.286793	141
6537.745582	11.183544	0.005696	1.963563	142
6538.761717	7.369372	0.005707	1.291237	143
6539.817874	11.316719	0.005693	1.987792	144
6540.842748	7.864602	0.005699	1.379917	145
6541.888411	11.223656	0.005691	1.972293	146
6542.925370	8.278400	0.005717	1.447931	147
6543.960248	10.562884	0.005706	1.851078	148
6545.007196	8.474801	0.005702	1.486219	149
6546.033289	10.243318	0.005708	1.794617	150
6547.085314	8.898458	0.005711	1.558043	151
6548.115221	8.110249	0.005694	1.424245	152
6549.159435	9.571727	0.005705	1.677684	153
6550.199473	8.687459	0.005690	1.526685	154
6551.227853	9.939354	0.005698	1.744488	155
6552.286128	8.801832	0.005711	1.541307	156
6553.296605	9.788501	0.005702	1.716663	157
6554.369736	9.380757	0.005707	1.643821	158
6555.365748	9.415209	0.005704	1.650555	159
6556.449571	10.246131	0.005710	1.794533	160
6557.439823	8.859571	0.005701	1.554015	161
6558.529811	10.393845	0.005702	1.822837	162
6559.513893	8.815794	0.005682	1.551555	163
6560.605935	10.866147	0.005702	1.905706	164
6561.591970	8.177948	0.005707	1.433011	165
6562.682003	11.100799	0.005704	1.946109	166
6563.670053	8.090917	0.005703	1.418748	167
6564.759991	10.944919	0.005694	1.922300	168
6565.748181	8.015219	0.005702	1.405599	169
6566.836199	11.155046	0.005688	1.961263	170
6567.826174	7.976461	0.005684	1.403207	171
6568.913104	10.604460	0.005694	1.862431	172
6569.905502	7.557715	0.005702	1.325549	173
6570.990555	11.353698	0.005702	1.991312	174
6571.978651	8.215022	0.005705	1.439946	175
6573.070633	10.552225	0.005710	1.847956	176
6574.055277	8.615615	0.005689	1.514319	177
6575.148374	10.257697	0.005691	1.802448	178
6576.135108	8.864678	0.005695	1.556493	179
6577.219326	10.314898	0.005694	1.811416	180
6578.219405	8.974021	0.005698	1.574993	181
6579.291410	9.876674	0.005709	1.729992	182
6580.301418	9.498693	0.005696	1.667515	183
6581.361442	9.329199	0.005699	1.637049	184
6582.385568	9.688943	0.005697	1.700580	185
6583.429697	9.763916	0.005709	1.710297	186
6584.472162	9.338447	0.005720	1.632515	187
6585.500076	10.131643	0.005692	1.779946	188
6586.550651	18.880680	0.005695	3.315372	189
6587.577377	9.983253	0.005719	1.745630	190
6588.627311	8.933479	0.005689	1.570242	191
6589.653991	10.551502	0.005701	1.850978	192
6590.701938	8.623634	0.005689	1.515769	193
6591.737938	10.382262	0.005701	1.821230	194
6592.776217	8.258318	0.005708	1.446710	195
6593.817027	11.267877	0.005694	1.978785	196
6594.849103	7.969478	0.005702	1.397699	197
6595.897286	11.227974	0.005705	1.968191	198
6596.923377	7.973306	0.005704	1.397888	199
6597.977274	11.336139	0.005695	1.990624	200
6598.998911	7.728180	0.005700	1.355818	201
6600.057384	11.321847	0.005700	1.986201	202
6601.073957	7.890380	0.005708	1.382417	203
6602.135990	10.925540	0.005694	1.918702	204
6603.154002	7.336501	0.005696	1.288068	205
6604.208129	11.526953	0.005696	2.023551	206
6605.230549	7.992167	0.005700	1.402121	207
6606.286702	10.813093	0.005701	1.896764	208
6607.311195	8.110576	0.005698	1.423356	209
6608.355835	10.565138	0.005706	1.851519	210
6609.391834	8.353310	0.005697	1.466310	211
6610.432458	10.693137	0.005696	1.877234	212
6611.476540	8.190536	0.005695	1.438223	213
6612.505011	10.190885	0.005701	1.787695	214
6613.552898	8.779450	0.005704	1.539122	215
6614.578974	10.114984	0.005695	1.776021	216
6615.635157	8.534292	0.005691	1.499558	217
6616.657072	9.809021	0.005691	1.723533	218
6617.705600	9.369051	0.005693	1.645652	219
6618.739256	9.701576	0.005713	1.698206	220
6619.775801	9.993780	0.005696	1.754584	221
6620.823752	9.407522	0.005686	1.654534	222
6621.844409	10.513941	0.005691	1.847327	223
6622.908370	9.592220	0.005697	1.683756	224
6623.916503	9.448385	0.005698	1.658234	225
6624.992175	9.875303	0.005711	1.729217	226
6625.987166	9.766005	0.005705	1.711694	227
6627.071132	10.400257	0.005704	1.823480	228
6628.062024	9.247977	0.005696	1.623504	229
6629.149781	10.731245	0.005709	1.879567	230
6630.137739	8.850719	0.005707	1.550828	231
6631.229783	11.045293	0.005697	1.938906	232
6632.213860	8.099378	0.005688	1.423969	233
6633.305765	11.096807	0.005695	1.948552	234
6634.291844	8.873545	0.005708	1.554480	235
6635.382314	11.150758	0.005697	1.957304	236
6636.370272	8.470038	0.005690	1.488493	237
6637.460477	11.004692	0.005720	1.923868	238
6638.447063	8.585402	0.005707	1.504469	239
6639.535165	11.086987	0.005698	1.945768	240
6640.527136	8.487082	0.005723	1.483083	241
6641.615623	10.351765	0.005695	1.817652	242
6642.604213	9.016501	0.005697	1.582638	243
6643.688218	10.470578	0.005698	1.837665	244
6644.684113	9.123908	0.005693	1.602773	245
6645.761214	10.404269	0.005714	1.820712	246
6646.765030	9.719249	0.005690	1.707979	247
6647.835354	9.593882	0.005701	1.682796	248
6648.847423	10.057616	0.005709	1.761710	249
6649.903348	9.743539	0.005700	1.709437	250
6650.931391	10.193287	0.005713	1.784236	251
6651.973393	9.767573	0.005698	1.714352	252
6653.017449	9.280374	0.005689	1.631315	253
6654.045493	10.046581	0.005709	1.759651	254
6655.095521	9.316204	0.005685	1.638673	255
6656.121600	10.123178	0.005701	1.775826	0
6657.173455	9.166490	0.005694	1.609900	1
6658.199482	10.615473	0.005692	1.864885	2
6659.247867	9.121570	0.005691	1.602831	3
6660.279809	10.741642	0.005697	1.885579	4
6661.323779	8.758301	0.005701	1.536392	5
6662.357815	10.998780	0.005695	1.931366	6
6663.399721	8.557190	0.005697	1.501921	7
6664.441900	10.391612	0.005686	1.827612	8
6665.476308	8.273575	0.005692	1.453490	9
6666.516908	11.386497	0.005692	2.000482	10
6667.550500	8.427509	0.005692	1.480567	11
6668.595101	11.238675	0.005685	1.977014	12
6669.627166	8.422354	0.005700	1.477504	13
6670.671318	11.172730	0.005717	1.954305	14
6671.705237	8.685578	0.005705	1.522525	15
6672.745757	11.075671	0.005699	1.943335	16
6673.785842	8.546959	0.005695	1.500842	17
6674.823269	10.807370	0.005682	1.901889	18
6675.864454	8.765945	0.005691	1.540193	19
6676.894981	11.061501	0.005693	1.942836	20
6677.943639	8.928715	0.005703	1.565637	21
6678.969660	10.697074	0.005706	1.874696	22
6680.021703	9.344378	0.005707	1.637322	23
6681.047474	10.448586	0.005695	1.834798	24
6682.097875	9.685814	0.005702	1.698546	25
6683.124012	10.514441	0.005688	1.848659	26
6684.171966	9.798473	0.005702	1.718321	27
6685.210098	9.584152	0.005697	1.682347	28
6686.242712	10.597942	0.005695	1.861084	29
6687.290707	10.048044	0.005710	1.759766	30
6688.317200	9.911273	0.005686	1.743141	31
6689.375645	9.839402	0.005696	1.727574	32
6690.386244	10.002740	0.005692	1.757341	33
6691.458309	10.060303	0.005708	1.762369	34
6692.458431	9.638842	0.005688	1.694538	35
6693.538225	10.397049	0.005694	1.825927	36
